SYMBOL, SERIES, DATE1, PREV_CLOSE, OPEN_PRICE, HIGH_PRICE, LOW_PRICE, LAST_PRICE, CLOSE_PRICE, AVG_PRICE, TTL_TRD_QNTY, TURNOVER_LACS, NO_OF_TRADES, DELIV_QTY, DELIV_PER,PER_CHANGE
NAGREEKEXP, EQ, 01-Jan-2020,13.6,15.0,15.0,13.95, 14.35,14.35,14.38,3944,0.57,40, 2998, 76.01,5.51
NAGREEKEXP, EQ, 01-Jan-2021,22.25,22.85,23.75,21.1, 22.00,22.05,22.61,111075,25.11,516, 79964, 71.99,-0.9
NAGREEKEXP, EQ, 01-Feb-2021,17.95,17.95,18.8,17.6, 18.25,17.85,17.8,3617,0.64,39, 3049, 84.30,-0.56
NAGREEKEXP, EQ, 01-Feb-2022,45.05,46.35,47.3,44.15,45.35,46.3,45.75,32618,14.92,345, 15879, 48.68,2.77
NAGREEKEXP, EQ, 01-Feb-2023,35.5,35.8,38.0,35.25, 35.25,35.35,36.36,8075,2.94,160, 4117, 50.98,-0.42
NAGREEKEXP, EQ, 01-Mar-2021,17.7,17.4,17.85,16.9, 17.00,17.15,17.12,13292,2.28,90, 11798, 88.76,-3.11
NAGREEKEXP, EQ, 01-Mar-2023,30.8,31.2,33.5,31.2, 33.30,32.8,32.29,10814,3.49,189, 4568, 42.24,6.49
NAGREEKEXP, EQ, 01-Apr-2020,8.5,8.55,8.9,8.55,8.9,8.9,8.84,333,0.03,4, 333, 100.00,4.71
NAGREEKEXP, EQ, 01-Apr-2021,15.3,15.05,15.8,14.55, 15.10,15.65,15.09,5500,0.83,74, 4286, 77.93,2.29
NAGREEKEXP, EQ, 01-Apr-2022,37.0,37.15,38.9,36.6, 38.05,38.35,38.22,10455,4.0,371, 6699, 64.07,3.65
NAGREEKEXP, EQ, 01-Apr-2024,33.9,34.45,35.5,33.9, 35.40,35.3,34.87,117404,40.94,705, 85579, 72.89,4.13
NAGREEKEXP, EQ, 01-Apr-2025,24.22,24.83,25.7,22.5,25.42,25.3,24.81,31071,7.71,553, 16017, 51.55,4.46
NAGREEKEXP, EQ, 01-Jun-2020,9.5,10.35,10.45,9.0, 10.20,10.2,9.93,19584,1.94,87, 5744, 29.33,7.37
NAGREEKEXP, EQ, 01-Jun-2021,23.4,23.8,23.8,21.95, 23.75,23.6,22.8,23294,5.31,205, 17284, 74.20,0.85
NAGREEKEXP, EQ, 01-Jun-2022,39.95,40.85,41.0,38.15,38.75,39.5,39.21,36566,14.34,383, 22584, 61.76,-1.13
NAGREEKEXP, EQ, 01-Jun-2023,42.1,43.0,43.0,40.65, 42.40,42.3,41.83,20241,8.47,461, 11173, 55.20,0.48
NAGREEKEXP, EQ, 01-Jul-2020,13.9,13.25,14.4,13.25, 14.20,14.05,13.64,5015,0.68,33, 4030, 80.36,1.08
NAGREEKEXP, EQ, 01-Jul-2021,29.65,29.25,30.15,28.2, 28.20,28.2,28.43,33745,9.59,161, 29480, 87.36,-4.89
NAGREEKEXP, EQ, 01-Jul-2022,32.5,33.7,33.7,31.3,31.6,31.75,32.03,4448,1.42,130, 2404, 54.05,-2.31
NAGREEKEXP, EQ, 01-Jul-2024,34.03,34.0,35.4,33.7,34.29,34.25,34.64,72248,25.03,912, 29728, 41.15,0.65
NAGREEKEXP, EQ, 01-Aug-2022,35.15,34.5,36.05,34.5, 35.00,35.4,35.43,10077,3.57,186, 6136, 60.89,0.71
NAGREEKEXP, EQ, 01-Aug-2024,39.56,40.49,40.49,39.0,39.2,39.13,39.47,66792,26.37,1147, 30855, 46.20,-1.09
NAGREEKEXP, EQ, 01-Sep-2020,14.5,14.5,14.7,14.1, 14.10,14.1,14.36,1101,0.16,29, 881, 80.02,-2.76
NAGREEKEXP, EQ, 01-Sep-2022,38.05,38.9,39.95,36.55,37.7,38.35,38.58,26199,10.11,533, 10343, 39.48,0.79
NAGREEKEXP, EQ, 01-Oct-2020,13.2,13.2,13.55,13.15, 13.25,13.3,13.4,1630,0.22,17, 1330, 81.60,0.76
NAGREEKEXP, EQ, 01-Nov-2021,31.15,31.35,32.6,30.35, 32.60,32.6,32.12,4278,1.37,73, 3646, 85.23,4.65
NAGREEKEXP, EQ, 01-Nov-2022,35.1,35.85,36.55,34.3,34.95,34.8,35.16,33906,11.92,619, 20603, 60.77,-0.85
NAGREEKEXP, EQ, 01-Nov-2023,51.0,51.45,54.65,50.75, 53.60,53.5,52.82,36915,19.5,1019, 13293, 36.01,4.9
NAGREEKEXP, EQ, 01-Dec-2020,14.95,14.95,15.7,14.6,15.2,15.2,15.28,15237,2.33,64, 14394, 94.47,1.67
NAGREEKEXP, EQ, 01-Dec-2021,31.6,32.45,33.1,31.25,33.1,32.45,32.18,5977,1.92,108, 4003, 66.97,2.69
NAGREEKEXP, EQ, 01-Dec-2022,46.95,46.0,46.5,43.3,43.9,43.75,44.8,91726,41.09,934, 41709, 45.47,-6.82
NAGREEKEXP, EQ, 01-Dec-2023,56.8,58.3,58.3,56.8, 56.85,57.0,57.33,40718,23.34,1572, 8615, 21.16,0.35
NAGREEKEXP, EQ, 02-Jan-2020,14.35,14.35,14.65,14.0, 14.65,14.65,14.44,1530,0.22,16, 1524, 99.61,2.09
NAGREEKEXP, EQ, 02-Jan-2023,39.95,40.9,40.9,38.75, 38.75,38.95,39.41,15583,6.14,140, 11022, 70.73,-2.5
NAGREEKEXP, EQ, 02-Feb-2021,17.85,18.6,18.65,17.25, 17.35,17.65,17.58,8187,1.44,60, 5329, 65.09,-1.12
NAGREEKEXP, EQ, 02-Feb-2022,46.3,47.65,48.6,45.1, 47.55,47.55,47.47,44474,21.11,453, 34279, 77.08,2.7
NAGREEKEXP, EQ, 02-Feb-2023,35.35,35.2,36.55,34.8, 34.80,35.75,35.52,12504,4.44,200, 8879, 71.01,1.13
NAGREEKEXP, EQ, 02-Mar-2020,12.65,12.15,13.1,12.05, 12.05,12.2,12.32,5987,0.74,49, 4903, 81.89,-3.56
NAGREEKEXP, EQ, 02-Mar-2021,17.15,17.9,17.9,16.95,17.7,17.65,17.25,23951,4.13,159, 20538, 85.75,2.92
NAGREEKEXP, EQ, 02-Mar-2022,35.45,35.45,35.7,33.95, 35.15,34.95,34.56,33164,11.46,1014, 12340, 37.21,-1.41
NAGREEKEXP, EQ, 02-Mar-2023,32.8,31.9,33.0,31.8, 32.00,32.05,32.34,3416,1.1,115, 2153, 63.03,-2.29
NAGREEKEXP, EQ, 02-Apr-2024,35.3,35.3,35.35,33.55, 34.15,34.05,33.98,160348,54.49,1177, 102527, 63.94,-3.54
NAGREEKEXP, EQ, 02-Apr-2025,25.3,25.3,25.7,24.91,25.3,25.34,25.44,20395,5.19,733, 6626, 32.49,0.16
NAGREEKEXP, EQ, 02-May-2022,68.8,71.4,72.0,66.0,70.05,70.3,69.07,79778,55.1,994, 43268, 54.24,2.18
NAGREEKEXP, EQ, 02-May-2023,35.1,36.4,36.4,34.8, 35.50,35.5,35.24,6814,2.4,208, 5690, 83.50,1.14
NAGREEKEXP, EQ, 02-May-2024,34.05,33.7,34.5,32.35, 32.35,32.35,32.85,162803,53.47,688, 132612, 81.46,-4.99
NAGREEKEXP, EQ, 02-Jun-2020,10.2,10.0,10.4,9.75,10.4,10.2,10.23,3898,0.4,53, 2832, 72.65,0.0
NAGREEKEXP, EQ, 02-Jun-2021,23.6,23.75,25.95,22.35, 25.30,25.1,24.93,68447,17.07,520, 37432, 54.69,6.36
NAGREEKEXP, EQ, 02-Jun-2022,39.5,39.1,40.2,38.8,39.5,39.95,39.61,29960,11.87,260, 23555, 78.62,1.14
NAGREEKEXP, EQ, 02-Jun-2023,42.3,41.6,48.5,41.6, 47.50,46.7,46.59,203400,94.76,2032, 92339, 45.40,10.4
NAGREEKEXP, EQ, 02-Jul-2020,14.05,13.65,14.15,13.65, 13.80,14.1,14.06,5092,0.72,21, 4967, 97.55,0.36
NAGREEKEXP, EQ, 02-Jul-2021,28.2,28.2,28.4,26.8,28.35,27.95,27.54,49896,13.74,355, 32515, 65.17,-0.89
NAGREEKEXP, EQ, 02-Jul-2024,34.25,33.6,35.35,33.53,33.95,33.76,34.39,37035,12.74,876, 15401, 41.58,-1.43
NAGREEKEXP, EQ, 02-Aug-2021,39.65,41.6,41.6,41.6,41.6,41.6,41.6,18386,7.65,66, 18386, 100.00,4.92
NAGREEKEXP, EQ, 02-Aug-2022,35.4,36.05,36.6,36.0,36.5,36.2,36.3,20165,7.32,368, 9494, 47.08,2.26
NAGREEKEXP, EQ, 02-Aug-2024,39.13,39.13,39.46,37.75,38.62,39.23,38.59,73151,28.23,1422, 33969, 46.44,0.26
NAGREEKEXP, EQ, 02-Sep-2020,14.1,14.1,14.45,14.1, 14.45,14.35,14.29,2431,0.35,23, 1646, 67.71,1.77
NAGREEKEXP, EQ, 02-Sep-2022,38.35,39.25,40.0,38.5,39.2,39.4,39.31,26616,10.46,372, 12248, 46.02,2.74
NAGREEKEXP, EQ, 02-Nov-2020,13.45,13.1,13.75,12.5, 12.65,12.8,12.99,4022,0.52,44, 2078, 51.67,-4.83
NAGREEKEXP, EQ, 02-Nov-2021,32.6,32.9,34.2,31.25, 34.20,34.2,33.75,25560,8.63,291, 21035, 82.30,4.91
NAGREEKEXP, EQ, 02-Nov-2022,34.8,35.2,36.9,34.8,36.35,35.6,35.65,26428,9.42,418, 12785, 48.38,2.3
NAGREEKEXP, EQ, 02-Nov-2023,53.5,54.75,54.75,53.0, 53.70,54.0,53.86,11317,6.1,336, 5548, 49.02,0.93
NAGREEKEXP, EQ, 02-Dec-2020,15.2,15.05,15.7,15.0, 15.10,15.1,15.23,15324,2.33,70, 12604, 82.25,-0.66
NAGREEKEXP, EQ, 02-Dec-2021,32.45,33.35,34.0,31.45, 34.00,33.45,32.82,9031,2.96,136, 7218, 79.92,3.08
NAGREEKEXP, EQ, 02-Dec-2022,43.75,44.55,44.7,40.5, 41.80,42.05,42.11,80535,33.92,995, 44935, 55.80,-3.89
NAGREEKEXP, EQ, 03-Jan-2020,14.65,14.05,15.0,14.05, 14.95,14.95,14.09,105,0.01,4, 104, 99.05,2.05
NAGREEKEXP, EQ, 03-Jan-2022,41.25,42.0,43.3,40.0, 40.25,40.7,41.76,32472,13.56,591, 18721, 57.65,-1.33
NAGREEKEXP, EQ, 03-Jan-2023,38.95,40.9,40.9,38.55, 39.55,39.55,39.77,6449,2.56,97, 4157, 64.46,1.54
NAGREEKEXP, EQ, 03-Feb-2020,14.75,14.2,14.75,14.15, 14.20,14.25,14.25,11479,1.64,63, 7434, 64.76,-3.39
NAGREEKEXP, EQ, 03-Feb-2021,17.65,17.6,18.5,17.55, 18.45,18.45,18.2,4202,0.76,71, 3530, 84.01,4.53
NAGREEKEXP, EQ, 03-Feb-2022,47.55,48.85,49.5,46.15, 48.50,48.35,48.33,34315,16.58,281, 17241, 50.24,1.68
NAGREEKEXP, EQ, 03-Feb-2023,35.75,34.4,35.65,34.4, 35.35,34.8,34.86,4887,1.7,76, 1867, 38.20,-2.66
NAGREEKEXP, EQ, 03-Feb-2025,35.87,35.01,36.99,35.01,35.51,35.77,36.22,20686,7.49,517, 10167, 49.15,-0.28
NAGREEKEXP, EQ, 03-Mar-2020,12.2,12.8,12.8,11.95, 12.40,12.4,12.26,2630,0.32,42, 1989, 75.63,1.64
NAGREEKEXP, EQ, 03-Mar-2021,17.65,17.35,18.5,17.3,18.0,17.95,18.38,18514,3.4,88, 16923, 91.41,1.7
NAGREEKEXP, EQ, 03-Mar-2022,34.95,36.0,38.2,34.65,37.55,37.35,36.81,19576,7.21,446, 10959, 55.98,6.87
NAGREEKEXP, EQ, 03-Mar-2023,32.05,33.55,36.8,33.3, 34.50,35.35,35.78,89443,32.0,942, 29565, 33.05,10.3
NAGREEKEXP, EQ, 03-Mar-2025,27.14,27.79,27.79,25.0,25.26,25.43,25.96,30762,7.98,615, 16919, 55.00,-6.3
NAGREEKEXP, EQ, 03-Apr-2020,8.9,8.5,9.0,8.5, 8.50,8.5,8.58,7116,0.61,33, 4479, 62.94,-4.49
NAGREEKEXP, EQ, 03-Apr-2023,31.65,32.3,33.85,32.3, 33.85,33.7,33.11,4497,1.49,110, 2935, 65.27,6.48
NAGREEKEXP, EQ, 03-Apr-2024,34.05,34.5,34.5,32.6, 33.70,33.6,33.5,114696,38.43,895, 69663, 60.74,-1.32
NAGREEKEXP, EQ, 03-Apr-2025,25.34,25.49,28.0,25.49,26.61,26.98,26.57,36420,9.68,798, 21389, 58.73,6.47
NAGREEKEXP, EQ, 03-May-2021,17.5,17.6,19.1,17.1,17.8,17.45,17.82,16107,2.87,91, 9474, 58.82,-0.29
NAGREEKEXP, EQ, 03-May-2023,35.5,35.35,38.7,33.3,37.0,36.75,36.81,78915,29.05,778, 33681, 42.68,3.52
NAGREEKEXP, EQ, 03-May-2024,32.35,33.45,33.45,31.8, 32.15,32.2,32.44,47919,15.55,403, 32610, 68.05,-0.46
NAGREEKEXP, EQ, 03-Jun-2020,10.2,9.65,10.6,9.65,10.3,10.3,10.27,3977,0.41,26, 3354, 84.33,0.98
NAGREEKEXP, EQ, 03-Jun-2021,25.1,25.95,26.0,23.15, 24.80,24.6,25.01,42757,10.7,284, 26559, 62.12,-1.99
NAGREEKEXP, EQ, 03-Jun-2022,39.95,40.8,40.9,39.2, 39.70,39.5,39.75,29444,11.7,198, 18362, 62.36,-1.13
NAGREEKEXP, EQ, 03-Jun-2024,30.1,31.2,31.2,30.3,30.5,30.45,30.68,13998,4.29,140, 11246, 80.34,1.16
NAGREEKEXP, EQ, 03-Jul-2020,14.1,13.35,13.8,13.25, 13.80,13.75,13.59,5752,0.78,71, 4080, 70.93,-2.48
NAGREEKEXP, EQ, 03-Jul-2024,33.76,34.53,34.94,34.15,34.81,34.84,34.67,53309,18.48,562, 38223, 71.70,3.2
NAGREEKEXP, EQ, 03-Aug-2020,11.35,11.7,12.35,11.15,12.25,12.2,11.98,6038,0.72,61, 4100, 67.90,7.49
NAGREEKEXP, EQ, 03-Aug-2021,41.6,43.65,43.65,43.65,43.65,43.65,43.65,17379,7.59,54, 17379, 100.00,4.93
NAGREEKEXP, EQ, 03-Aug-2022,36.2,37.25,37.25,34.55, 35.80,35.5,35.91,43488,15.62,594, 8480, 19.50,-1.93
NAGREEKEXP, EQ, 03-Sep-2020,14.35,14.0,14.4,13.25, 13.60,13.7,13.72,7282,1.0,92, 4937, 67.80,-4.53
NAGREEKEXP, EQ, 03-Oct-2022,34.25,33.7,34.65,33.7,34.6,34.3,34.37,7390,2.54,116, 4086, 55.29,0.15
NAGREEKEXP, EQ, 03-Oct-2023,50.45,52.05,52.05,49.8, 51.45,51.0,50.88,121775,61.96,2438, 23178, 19.03,1.09
NAGREEKEXP, EQ, 03-Nov-2020,12.8,12.75,13.3,12.75,12.8,12.8,12.85,1368,0.18,27, 1074, 78.51,0.0
NAGREEKEXP, EQ, 03-Nov-2021,34.2,34.5,35.9,33.65, 35.65,35.7,35.39,28236,9.99,287, 19783, 70.06,4.39
NAGREEKEXP, EQ, 03-Nov-2022,35.6,34.75,36.9,34.65,34.95,34.75,35.17,19703,6.93,371, 12188, 61.86,-2.39
NAGREEKEXP, EQ, 03-Nov-2023,54.0,53.8,55.25,53.15, 54.05,54.25,54.39,5138,2.79,176, 2508, 48.81,0.46
NAGREEKEXP, EQ, 03-Dec-2020,15.1,15.15,16.0,15.15,16.0,15.9,15.8,25152,3.97,99, 24395, 96.99,5.3
NAGREEKEXP, EQ, 03-Dec-2021,33.45,34.85,35.0,32.85, 34.30,33.85,33.91,7202,2.44,196, 3627, 50.36,1.2
NAGREEKEXP, EQ, 04-Jan-2021,22.05,22.5,24.25,22.5,24.25,24.25,23.87,81433,19.44,504, 54250, 66.62,9.98
NAGREEKEXP, EQ, 04-Jan-2022,40.7,40.0,41.8,39.0, 39.50,39.25,39.78,22940,9.13,185, 16215, 70.68,-3.56
NAGREEKEXP, EQ, 04-Jan-2023,39.55,40.4,40.45,38.85, 38.90,39.4,39.24,7789,3.06,115, 5500, 70.61,-0.38
NAGREEKEXP, EQ, 04-Feb-2020,14.25,13.85,14.65,13.8, 14.30,13.9,14.14,6150,0.87,47, 5897, 95.89,-2.46
NAGREEKEXP, EQ, 04-Feb-2021,18.45,18.45,18.45,17.75, 17.95,18.0,18.0,5389,0.97,62, 3626, 67.29,-2.44
NAGREEKEXP, EQ, 04-Feb-2022,48.35,49.25,49.25,46.6, 47.50,47.5,47.67,14656,6.99,379, 7778, 53.07,-1.76
NAGREEKEXP, EQ, 04-Feb-2025,35.77,36.49,36.49,34.61,35.13,35.33,35.47,26819,9.51,456, 18438, 68.75,-1.23
NAGREEKEXP, EQ, 04-Mar-2020,12.4,12.35,12.65,12.2, 12.65,12.2,12.21,2154,0.26,17, 2129, 98.84,-1.61
NAGREEKEXP, EQ, 04-Mar-2021,17.95,18.4,18.4,17.5, 17.60,17.6,17.69,4904,0.87,77, 3002, 61.22,-1.95
NAGREEKEXP, EQ, 04-Mar-2022,37.35,36.05,37.4,35.2, 35.85,35.55,36.54,41395,15.13,1983, 3457, 8.35,-4.82
NAGREEKEXP, EQ, 04-Mar-2025,25.43,25.32,27.78,23.99,26.99,26.98,25.83,19723,5.09,357, 16823, 85.30,6.1
NAGREEKEXP, EQ, 04-Apr-2022,38.35,37.2,41.0,37.2,40.6,40.15,39.91,21953,8.76,465, 12298, 56.02,4.69
NAGREEKEXP, EQ, 04-Apr-2024,33.6,34.0,34.5,33.0, 34.50,34.05,33.54,50769,17.03,489, 36381, 71.66,1.34
NAGREEKEXP, EQ, 04-Apr-2025,26.98,27.75,27.75,25.31,26.26,26.0,26.33,16875,4.44,553, 9479, 56.17,-3.63
NAGREEKEXP, EQ, 04-May-2020,9.7,10.65,10.65,9.3, 10.00,9.9,9.86,13878,1.37,195, 3841, 27.68,2.06
NAGREEKEXP, EQ, 04-May-2021,17.45,18.05,18.05,16.75, 17.00,17.0,17.25,9209,1.59,121, 7823, 84.95,-2.58
NAGREEKEXP, EQ, 04-May-2022,70.3,72.0,72.3,66.0,66.05,66.2,67.8,36723,24.9,603, 23175, 63.11,-5.83
NAGREEKEXP, EQ, 04-May-2023,36.75,38.3,38.35,36.35, 36.80,36.85,37.39,90374,33.79,673, 53542, 59.24,0.27
NAGREEKEXP, EQ, 04-Jun-2020,10.3,10.3,10.5,10.1,10.1,10.25,10.18,2736,0.28,23, 2711, 99.09,-0.49
NAGREEKEXP, EQ, 04-Jun-2021,24.6,24.6,27.05,24.6, 26.85,26.65,26.7,169788,45.34,981, 84062, 49.51,8.33
NAGREEKEXP, EQ, 04-Jun-2024,30.45,31.3,31.3,28.95,29.25,29.2,29.5,29072,8.58,249, 22830, 78.53,-4.11
NAGREEKEXP, EQ, 04-Jul-2022,31.75,32.0,32.85,32.0,32.35,32.45,32.49,4299,1.4,88, 1950, 45.36,2.2
NAGREEKEXP, EQ, 04-Jul-2024,34.84,35.4,38.3,34.8,37.9,37.82,36.96,237552,87.8,1579, 143744, 60.51,8.55
NAGREEKEXP, EQ, 04-Aug-2020,12.2,12.25,12.45,11.6,11.8,12.25,12.12,1983,0.24,30, 1407, 70.95,0.41
NAGREEKEXP, EQ, 04-Aug-2021,43.65,45.8,45.8,42.05,45.5,45.65,44.89,222197,99.74,982, 113633, 51.14,4.58
NAGREEKEXP, EQ, 04-Aug-2022,35.5,36.6,36.6,35.1,35.85,35.55,35.73,8633,3.08,232, 1824, 21.13,0.14
NAGREEKEXP, EQ, 04-Sep-2020,13.7,13.5,14.0,13.4,13.45,13.45,13.56,3035,0.41,34, 2695, 88.80,-1.82
NAGREEKEXP, EQ, 04-Oct-2022,34.3,33.6,35.9,33.6, 35.90,35.5,35.28,10094,3.56,174, 6071, 60.14,3.5
NAGREEKEXP, EQ, 04-Oct-2023,51.0,51.0,56.1,49.55, 56.10,56.1,54.59,264598,144.46,2274, 120753, 45.64,10.0
NAGREEKEXP, EQ, 04-Nov-2020,12.8,12.75,12.85,12.7,12.7,12.7,12.77,208,0.03,7, 105, 50.48,-0.78
NAGREEKEXP, EQ, 04-Nov-2022,34.75,35.7,37.7,35.25,36.15,36.3,36.86,53035,19.55,778, 29504, 55.63,4.46
NAGREEKEXP, EQ, 04-Dec-2020,15.9,15.95,16.65,15.55, 16.25,16.25,16.34,14440,2.36,146, 10759, 74.51,2.2
NAGREEKEXP, EQ, 04-Dec-2023,57.0,58.1,58.1,55.25, 56.55,56.8,56.95,24713,14.07,463, 13636, 55.18,-0.35
NAGREEKEXP, EQ, 05-Jan-2021,24.25,23.25,24.8,23.25, 23.70,23.9,23.9,40203,9.61,318, 26449, 65.79,-1.44
NAGREEKEXP, EQ, 05-Jan-2022,39.25,39.8,39.95,38.0, 38.50,38.3,38.72,9727,3.77,135, 7660, 78.75,-2.42
NAGREEKEXP, EQ, 05-Jan-2023,39.4,40.45,41.8,37.3,39.9,40.3,40.08,45317,18.16,407, 15780, 34.82,2.28
NAGREEKEXP, EQ, 05-Feb-2020,13.9,13.8,14.3,13.8, 14.10,14.1,14.06,4313,0.61,46, 3107, 72.04,1.44
NAGREEKEXP, EQ, 05-Feb-2021,18.0,17.6,18.7,17.2, 18.70,18.65,18.05,4654,0.84,75, 3568, 76.67,3.61
NAGREEKEXP, EQ, 05-Feb-2025,35.33,36.0,36.69,35.25,35.55,35.37,35.78,18060,6.46,352, 11541, 63.90,0.11
NAGREEKEXP, EQ, 05-Mar-2020,12.2,12.5,12.5,12.0, 12.00,12.1,12.14,809,0.1,11, 805, 99.51,-0.82
NAGREEKEXP, EQ, 05-Mar-2021,17.6,17.65,18.35,17.5,17.5,17.8,17.85,4720,0.84,54, 3382, 71.65,1.14
NAGREEKEXP, EQ, 05-Mar-2025,26.98,27.75,31.7,27.5,29.99,29.86,29.64,21490,6.37,438, 14466, 67.32,10.67
NAGREEKEXP, EQ, 05-Apr-2021,15.65,15.15,16.4,14.9,15.55,15.3,15.21,7817,1.19,60, 5586, 71.46,-2.24
NAGREEKEXP, EQ, 05-Apr-2022,40.15,41.15,43.0,38.95, 43.00,42.5,41.49,46128,19.14,1237, 16916, 36.67,5.85
NAGREEKEXP, EQ, 05-Apr-2023,33.7,32.3,33.95,32.3, 33.00,33.05,33.11,6990,2.31,199, 2856, 40.86,-1.93
NAGREEKEXP, EQ, 05-Apr-2024,34.05,34.45,35.7,33.5, 34.30,34.2,34.46,65059,22.42,477, 41115, 63.20,0.44
NAGREEKEXP, EQ, 05-May-2020,9.9,10.3,10.85,10.1, 10.20,10.2,10.5,13524,1.42,75, 8535, 63.11,3.03
NAGREEKEXP, EQ, 05-May-2021,17.0,18.45,18.6,16.8, 17.00,17.05,17.24,13351,2.3,122, 10318, 77.28,0.29
NAGREEKEXP, EQ, 05-May-2022,66.2,65.45,68.6,65.45, 66.90,66.35,66.62,16225,10.81,304, 12396, 76.40,0.23
NAGREEKEXP, EQ, 05-May-2023,36.85,36.35,37.45,36.35, 36.45,36.45,36.72,7931,2.91,197, 5931, 74.78,-1.09
NAGREEKEXP, EQ, 05-Jun-2020,10.25,10.9,12.3,10.0, 11.50,11.65,11.49,12641,1.45,143, 8009, 63.36,13.66
NAGREEKEXP, EQ, 05-Jun-2023,46.7,46.8,50.75,46.8, 49.65,48.95,49.4,152352,75.26,1516, 77326, 50.75,4.82
NAGREEKEXP, EQ, 05-Jun-2024,29.2,28.2,30.6,27.75,28.0,28.05,28.07,52181,14.65,381, 31643, 60.64,-3.94
NAGREEKEXP, EQ, 05-Jul-2021,27.95,28.4,29.3,28.05, 28.90,29.3,28.86,20200,5.83,231, 13145, 65.07,4.83
NAGREEKEXP, EQ, 05-Jul-2022,32.45,32.4,33.9,31.2,31.95,32.2,32.55,15351,5.0,251, 8235, 53.64,-0.77
NAGREEKEXP, EQ, 05-Jul-2024,37.82,37.82,37.82,36.1,37.73,37.5,37.17,102203,37.98,1107, 55014, 53.83,-0.85
NAGREEKEXP, EQ, 05-Aug-2020,12.25,12.75,12.75,11.45,12.05,12.45,12.33,10443,1.29,90, 7035, 67.37,1.63
NAGREEKEXP, EQ, 05-Aug-2021,45.65,46.9,47.9,44.1,47.9,47.9,47.45,485093,230.17,2023, 298593, 61.55,4.93
NAGREEKEXP, EQ, 05-Aug-2022,35.55,34.5,36.5,34.0,34.25,34.85,35.23,13872,4.89,342, 6022, 43.41,-1.97
NAGREEKEXP, EQ, 05-Aug-2024,39.23,39.19,39.19,36.87,36.9,36.97,37.62,100323,37.75,1923, 50529, 50.37,-5.76
NAGREEKEXP, EQ, 05-Sep-2022,39.4,40.45,40.45,38.15, 38.90,38.9,39.13,26802,10.49,393, 15132, 56.46,-1.27
NAGREEKEXP, EQ, 05-Oct-2020,13.3,13.3,13.75,13.15, 13.75,13.25,13.26,280,0.04,7, 190, 67.86,-0.38
NAGREEKEXP, EQ, 05-Oct-2023,56.1,57.45,58.5,54.1, 56.00,55.0,55.85,114508,63.96,1266, 62716, 54.77,-1.96
NAGREEKEXP, EQ, 05-Nov-2020,12.7,12.55,13.4,12.55, 12.65,12.8,12.89,1673,0.22,20, 1473, 88.05,0.79
NAGREEKEXP, EQ, 05-Dec-2022,42.05,42.15,50.45,41.8, 48.10,47.85,48.21,572084,275.79,2943, 142689, 24.94,13.79
NAGREEKEXP, EQ, 05-Dec-2023,56.8,57.05,59.5,56.2, 58.80,59.05,58.39,62238,36.34,569, 33819, 54.34,3.96
NAGREEKEXP, EQ, 06-Jan-2020,14.95,14.2,15.0,13.6, 13.60,13.65,14.07,2631,0.37,26, 2627, 99.85,-8.7
NAGREEKEXP, EQ, 06-Jan-2021,23.9,24.45,24.9,22.75, 23.00,22.9,23.83,28924,6.89,191, 21122, 73.03,-4.18
NAGREEKEXP, EQ, 06-Jan-2022,38.3,38.9,39.65,37.0, 39.60,39.55,39.05,14404,5.62,141, 10985, 76.26,3.26
NAGREEKEXP, EQ, 06-Jan-2023,40.3,39.6,41.9,39.6,40.2,40.65,41.03,20531,8.42,179, 12746, 62.08,0.87
NAGREEKEXP, EQ, 06-Feb-2020,14.1,14.7,14.7,13.5, 13.85,13.9,14.05,13578,1.91,74, 4431, 32.63,-1.42
NAGREEKEXP, EQ, 06-Feb-2023,34.8,34.1,35.2,32.55, 33.70,33.8,34.0,5143,1.75,112, 2648, 51.49,-2.87
NAGREEKEXP, EQ, 06-Feb-2025,35.37,35.35,35.9,34.63,35.9,35.77,35.17,15409,5.42,398, 8971, 58.22,1.13
NAGREEKEXP, EQ, 06-Mar-2020,12.1,11.65,11.75,11.5, 11.50,11.5,11.61,1378,0.16,26, 1202, 87.23,-4.96
NAGREEKEXP, EQ, 06-Mar-2023,35.35,35.5,35.5,33.5, 34.05,34.35,34.8,17605,6.13,310, 11950, 67.88,-2.83
NAGREEKEXP, EQ, 06-Mar-2025,29.86,29.61,31.9,29.5,29.5,30.0,30.55,22582,6.9,282, 17303, 76.62,0.47
NAGREEKEXP, EQ, 06-Apr-2021,15.3,15.0,16.0,15.0,15.9,15.85,15.79,783,0.12,22, 567, 72.41,3.59
NAGREEKEXP, EQ, 06-Apr-2022,42.5,43.25,43.25,40.7, 43.00,42.35,42.28,14879,6.29,650, 4232, 28.44,-0.35
NAGREEKEXP, EQ, 06-Apr-2023,33.05,33.1,33.1,30.3, 32.05,32.25,31.75,26672,8.47,295, 14286, 53.56,-2.42
NAGREEKEXP, EQ, 06-May-2020,10.2,10.95,10.95,9.65, 10.55,10.55,10.53,1272,0.13,18, 567, 44.58,3.43
NAGREEKEXP, EQ, 06-May-2021,17.05,17.0,18.5,16.95, 18.05,18.4,17.89,20189,3.61,191, 12447, 61.65,7.92
NAGREEKEXP, EQ, 06-May-2022,66.35,63.85,71.0,60.1,64.95,63.9,63.12,49416,31.19,659, 27154, 54.95,-3.69
NAGREEKEXP, EQ, 06-May-2024,32.2,32.35,32.9,31.6,31.9,31.7,32.0,35420,11.33,386, 22297, 62.95,-1.55
NAGREEKEXP, EQ, 06-Jun-2022,39.5,39.5,40.5,38.35,38.35,38.75,39.24,14172,5.56,254, 10499, 74.08,-1.9
NAGREEKEXP, EQ, 06-Jun-2023,48.95,50.75,51.0,48.0,48.0,49.2,49.16,52154,25.64,788, 27296, 52.34,0.51
NAGREEKEXP, EQ, 06-Jun-2024,28.05,28.8,29.45,28.2,28.75,28.95,28.88,31132,8.99,221, 20452, 65.69,3.21
NAGREEKEXP, EQ, 06-Jul-2020,13.75,14.45,14.45,13.2, 13.35,13.35,13.56,4239,0.57,31, 3463, 81.69,-2.91
NAGREEKEXP, EQ, 06-Jul-2021,29.3,30.45,30.45,28.75, 28.95,28.95,29.37,18533,5.44,247, 11541, 62.27,-1.19
NAGREEKEXP, EQ, 06-Jul-2022,32.2,32.1,32.8,31.25,31.55,31.8,32.23,16939,5.46,368, 6575, 38.82,-1.24
NAGREEKEXP, EQ, 06-Aug-2020,12.45,12.0,13.1,11.9,12.1,12.1,12.02,8178,0.98,22, 6347, 77.61,-2.81
NAGREEKEXP, EQ, 06-Aug-2021,47.9,49.75,50.25,48.65, 50.25,50.25,50.07,113530,56.84,670, 94216, 82.99,4.91
NAGREEKEXP, EQ, 06-Aug-2024,36.97,37.0,40.13,37.0,37.2,37.77,38.76,120575,46.73,1903, 45908, 38.07,2.16
NAGREEKEXP, EQ, 06-Sep-2022,38.9,39.7,39.7,37.85, 38.00,38.2,38.82,30282,11.76,329, 15910, 52.54,-1.8
NAGREEKEXP, EQ, 06-Oct-2020,13.25,13.05,13.65,13.05,13.65,13.3,13.32,882,0.12,29, 697, 79.02,0.38
NAGREEKEXP, EQ, 06-Oct-2022,35.5,35.45,38.2,35.0, 38.00,37.95,36.81,34173,12.58,682, 21665, 63.40,6.9
NAGREEKEXP, EQ, 06-Oct-2023,55.0,54.5,57.2,54.5, 55.30,55.8,55.97,157432,88.11,1834, 31645, 20.10,1.45
NAGREEKEXP, EQ, 06-Nov-2020,12.8,13.5,14.95,12.75, 14.75,14.6,14.27,36027,5.14,247, 19759, 54.84,14.06
NAGREEKEXP, EQ, 06-Nov-2023,54.25,53.8,54.4,50.4, 51.25,51.65,52.85,9781,5.17,330, 5306, 54.25,-4.79
NAGREEKEXP, EQ, 06-Dec-2021,33.85,34.25,34.95,32.85, 33.10,33.6,33.8,4396,1.49,114, 3228, 73.43,-0.74
NAGREEKEXP, EQ, 06-Dec-2022,47.85,49.5,49.5,44.8, 45.25,45.4,46.92,111522,52.33,1241, 65663, 58.88,-5.12
NAGREEKEXP, EQ, 06-Dec-2023,59.05,59.95,60.6,57.7, 59.00,58.6,59.01,24965,14.73,532, 9758, 39.09,-0.76
NAGREEKEXP, EQ, 07-Jan-2020,13.65,13.5,14.0,13.5, 13.70,13.7,13.76,1300,0.18,15, 1280, 98.46,0.37
NAGREEKEXP, EQ, 07-Jan-2021,22.9,24.0,24.0,22.5, 22.60,22.7,22.97,19112,4.39,140, 11212, 58.66,-0.87
NAGREEKEXP, EQ, 07-Jan-2022,39.55,39.7,41.5,38.5,41.5,41.5,41.18,46397,19.11,279, 39659, 85.48,4.93
NAGREEKEXP, EQ, 07-Feb-2020,13.9,13.8,14.15,13.55, 13.85,13.75,13.79,7075,0.98,53, 4019, 56.81,-1.08
NAGREEKEXP, EQ, 07-Feb-2022,47.5,50.3,50.3,47.15, 48.40,49.05,48.76,24788,12.09,321, 19236, 77.60,3.26
NAGREEKEXP, EQ, 07-Feb-2023,33.8,34.25,39.3,33.55, 37.95,37.95,36.52,162095,59.2,821, 21112, 13.02,12.28
NAGREEKEXP, EQ, 07-Feb-2025,35.77,35.5,35.8,34.73,35.28,35.13,35.24,6560,2.31,185, 4279, 65.23,-1.79
NAGREEKEXP, EQ, 07-Mar-2022,35.55,35.0,38.5,33.05, 34.40,34.2,35.54,27169,9.66,835,6858,25.24,-3.8
NAGREEKEXP, EQ, 07-Mar-2025,30.0,31.3,31.3,28.6,29.6,29.6,29.62,22443,6.65,363, 18027, 80.32,-1.33
NAGREEKEXP, EQ, 07-Apr-2020,8.5,8.9,8.9,8.15, 8.30,8.5,8.39,6479,0.54,48, 5731, 88.46,0.0
NAGREEKEXP, EQ, 07-Apr-2021,15.85,16.35,16.35,15.45,16.1,15.75,15.93,711,0.11,64, 327, 45.99,-0.63
NAGREEKEXP, EQ, 07-Apr-2022,42.35,41.5,50.8,41.5,45.65,46.35,48.94,285494,139.73,1914, 116272, 40.73,9.45
NAGREEKEXP, EQ, 07-Apr-2025,26.0,25.5,25.5,23.49,25.4,24.47,24.32,38245,9.3,683, 18475, 48.31,-5.88
NAGREEKEXP, EQ, 07-May-2020,10.55,9.75,10.95,9.75, 10.05,10.2,10.27,2621,0.27,23, 2598, 99.12,-3.32
NAGREEKEXP, EQ, 07-May-2021,18.4,18.4,18.95,17.65, 18.45,18.55,18.3,26724,4.89,108, 6497, 24.31,0.82
NAGREEKEXP, EQ, 07-May-2024,31.7,32.85,32.85,31.0,31.15,31.25,31.4,22580,7.09,267, 16746, 74.16,-1.42
NAGREEKEXP, EQ, 07-Jun-2021,26.65,28.3,28.85,27.0, 28.20,27.95,27.92,53616,14.97,564, 35998, 67.14,4.88
NAGREEKEXP, EQ, 07-Jun-2022,38.75,39.65,39.65,38.0,38.0,38.65,38.73,3159,1.22,92, 1914, 60.59,-0.26
NAGREEKEXP, EQ, 07-Jun-2023,49.2,49.9,50.5,47.3, 47.95,47.85,48.71,49435,24.08,606, 30066, 60.82,-2.74
NAGREEKEXP, EQ, 07-Jun-2024,28.95,29.5,31.45,29.0,30.3,30.4,29.99,23239,6.97,198, 18717, 80.54,5.01
NAGREEKEXP, EQ, 07-Jul-2020,13.35,13.8,13.8,12.65, 12.90,12.9,13.06,5148,0.67,31, 4625, 89.84,-3.37
NAGREEKEXP, EQ, 07-Jul-2021,28.95,28.5,29.8,28.5, 29.45,29.0,29.08,10024,2.92,190, 3973, 39.63,0.17
NAGREEKEXP, EQ, 07-Jul-2022,31.8,32.8,32.8,30.25, 30.30,30.4,31.16,52725,16.43,643, 31282, 59.33,-4.4
NAGREEKEXP, EQ, 07-Aug-2020,12.1,12.95,14.5,11.7,14.5,14.5,13.68,51616,7.06,287, 37360, 72.38,19.83
NAGREEKEXP, EQ, 07-Aug-2024,37.77,38.68,43.82,38.11,40.06,40.37,41.86,852292,356.79,8126, 249353, 29.26,6.88
NAGREEKEXP, EQ, 07-Sep-2020,13.45,13.2,14.15,13.0, 14.15,13.9,13.67,5210,0.71,43, 2981, 57.22,3.35
NAGREEKEXP, EQ, 07-Sep-2022,38.2,38.2,38.9,37.15, 38.20,37.85,38.19,37136,14.18,439, 16474, 44.36,-0.92
NAGREEKEXP, EQ, 07-Oct-2020,13.3,13.15,13.7,13.1,13.55,13.55,13.53,2659,0.36,28, 1499, 56.37,1.88
NAGREEKEXP, EQ, 07-Oct-2022,37.95,38.25,39.7,37.25, 38.65,38.8,38.68,33270,12.87,343, 25368, 76.25,2.24
NAGREEKEXP, EQ, 07-Nov-2022,36.3,36.9,37.5,35.55,37.0,36.9,36.51,13983,5.11,213, 7011, 50.14,1.65
NAGREEKEXP, EQ, 07-Nov-2023,51.65,51.25,53.4,51.0, 52.30,52.35,51.72,8001,4.14,178, 4975, 62.18,1.36
NAGREEKEXP, EQ, 07-Dec-2020,16.25,16.35,17.85,16.35, 17.85,17.85,17.71,33300,5.9,110, 33285, 99.95,9.85
NAGREEKEXP, EQ, 07-Dec-2021,33.6,33.15,33.8,33.05,33.3,33.3,33.29,2096,0.7,32, 1253, 59.78,-0.89
NAGREEKEXP, EQ, 07-Dec-2022,45.4,46.0,49.95,46.0, 46.85,46.7,47.86,112885,54.02,1652, 49018, 43.42,2.86
NAGREEKEXP, EQ, 07-Dec-2023,58.6,59.95,70.3,58.35, 70.30,70.3,66.76,586954,391.82,4056, 226654, 38.62,19.97
NAGREEKEXP, EQ, 08-Jan-2020,13.7,13.35,14.9,13.35, 14.35,14.35,14.05,655,0.09,36, 577, 88.09,4.74
NAGREEKEXP, EQ, 08-Jan-2021,22.7,23.5,23.5,22.45, 22.55,22.75,22.87,19199,4.39,165, 10759, 56.04,0.22
NAGREEKEXP, EQ, 08-Feb-2021,18.65,18.7,18.7,18.0, 18.10,18.1,18.39,8301,1.53,57, 6360, 76.62,-2.95
NAGREEKEXP, EQ, 08-Feb-2022,49.05,47.3,49.1,44.55,46.35,46.0,46.1,26397,12.17,316, 14590, 55.27,-6.22
NAGREEKEXP, EQ, 08-Feb-2023,37.95,37.95,37.95,36.0, 36.00,36.85,37.05,13903,5.15,252, 6888, 49.54,-2.9
NAGREEKEXP, EQ, 08-Mar-2021,17.8,18.1,18.1,17.55, 17.70,17.75,17.87,5254,0.94,88, 4628, 88.09,-0.28
NAGREEKEXP, EQ, 08-Mar-2022,34.2,33.6,35.7,33.6, 34.90,34.6,34.43,15738,5.42,253, 9784, 62.17,1.17
NAGREEKEXP, EQ, 08-Mar-2023,34.35,33.65,36.9,33.55, 34.65,35.1,34.63,6322,2.19,91, 4533, 71.70,2.18
NAGREEKEXP, EQ, 08-Apr-2020,8.5,8.1,8.9,8.1, 8.50,8.65,8.56,805,0.07,11, 605, 75.16,1.76
NAGREEKEXP, EQ, 08-Apr-2021,15.75,16.05,17.3,16.05, 17.30,17.3,17.02,8649,1.47,43, 8220, 95.04,9.84
NAGREEKEXP, EQ, 08-Apr-2022,46.35,46.2,48.0,44.35, 44.70,44.9,45.67,55816,25.49,780, 36202, 64.86,-3.13
NAGREEKEXP, EQ, 08-Apr-2024,34.2,34.2,34.7,32.6, 33.40,33.3,33.29,88526,29.47,706, 53225, 60.12,-2.63
NAGREEKEXP, EQ, 08-Apr-2025,24.47,25.99,27.69,25.06,25.34,25.37,25.97,23695,6.15,263, 14533, 61.33,3.68
NAGREEKEXP, EQ, 08-May-2020,10.2,10.05,10.7,9.85, 9.85,9.85,10.11,1802,0.18,18, 1702, 94.45,-3.43
NAGREEKEXP, EQ, 08-May-2023,36.45,37.15,37.75,36.5, 36.70,37.15,36.9,12585,4.64,170, 10169, 80.80,1.92
NAGREEKEXP, EQ, 08-May-2024,31.25,31.1,31.85,29.7,29.7,29.95,30.39,97700,29.7,568, 75329, 77.10,-4.16
NAGREEKEXP, EQ, 08-Jun-2020,11.65,12.3,13.95,11.65, 13.95,13.95,13.65,66390,9.06,496, 31274, 47.11,19.74
NAGREEKEXP, EQ, 08-Jun-2021,27.95,28.0,30.45,26.7, 27.40,27.3,28.22,49322,13.92,306, 38623, 78.31,-2.33
NAGREEKEXP, EQ, 08-Jun-2022,38.65,39.85,39.85,36.8,38.15,38.45,38.19,21984,8.4,305, 12913, 58.74,-0.52
NAGREEKEXP, EQ, 08-Jun-2023,47.85,48.0,48.4,45.25, 45.60,46.6,46.44,35229,16.36,608, 17729, 50.33,-2.61
NAGREEKEXP, EQ, 08-Jul-2020,12.9,13.0,14.0,12.8,13.2,13.2,13.37,17164,2.29,39, 13264, 77.28,2.33
NAGREEKEXP, EQ, 08-Jul-2021,29.0,28.35,29.5,28.0, 28.50,28.8,28.83,14733,4.25,221, 8255, 56.03,-0.69
NAGREEKEXP, EQ, 08-Jul-2022,30.4,31.35,31.75,29.95,30.0,30.35,30.4,30250,9.2,320, 25130, 83.07,-0.16
NAGREEKEXP, EQ, 08-Jul-2024,37.5,37.89,37.9,36.87,37.61,37.39,37.43,59208,22.16,968, 25404, 42.91,-0.29
NAGREEKEXP, EQ, 08-Aug-2022,34.85,35.9,37.35,35.3,36.85,35.95,36.44,21071,7.68,504,7832,37.17,3.16
NAGREEKEXP, EQ, 08-Aug-2024,40.37,40.6,41.84,39.01,39.01,39.54,40.59,131605,53.42,2422, 69019, 52.44,-2.06
NAGREEKEXP, EQ, 08-Sep-2020,13.9,14.2,14.2,13.4, 13.45,13.4,13.49,4747,0.64,77, 3630, 76.47,-3.6
NAGREEKEXP, EQ, 08-Sep-2022,37.85,38.55,38.7,37.55, 37.55,37.8,38.12,30813,11.74,447, 16666, 54.09,-0.13
NAGREEKEXP, EQ, 08-Oct-2020,13.55,14.0,15.05,14.0,14.6,14.55,14.64,22197,3.25,141, 15947, 71.84,7.38
NAGREEKEXP, EQ, 08-Nov-2021,37.3,38.0,39.15,36.2, 39.15,39.15,38.49,34390,13.24,274, 24384, 70.90,4.96
NAGREEKEXP, EQ, 08-Nov-2023,52.35,53.45,54.65,52.4, 53.65,53.5,53.37,12075,6.44,180, 8083, 66.94,2.2
NAGREEKEXP, EQ, 08-Dec-2020,17.85,19.25,19.25,17.05,17.75,17.75,18.14,54195,9.83,350, 39680, 73.22,-0.56
NAGREEKEXP, EQ, 08-Dec-2021,33.3,33.55,34.75,33.45,33.6,33.8,33.86,3916,1.33,62, 2956, 75.49,1.5
NAGREEKEXP, EQ, 08-Dec-2022,46.7,48.5,49.5,45.1, 45.15,45.45,46.65,72416,33.78,930, 32312, 44.62,-2.68
NAGREEKEXP, EQ, 08-Dec-2023,70.3,77.85,80.0,75.15, 77.90,76.7,78.04,854413,666.78,6681, 350106, 40.98,9.1
NAGREEKEXP, EQ, 09-Jan-2020,14.35,14.35,14.5,14.35, 14.35,14.45,14.47,1121,0.16,20, 1121, 100.00,0.7
NAGREEKEXP, EQ, 09-Jan-2023,40.65,41.0,41.0,39.55,40.3,40.0,40.25,3135,1.26,82, 2295, 73.21,-1.6
NAGREEKEXP, EQ, 09-Feb-2021,18.1,18.0,18.4,17.8, 18.05,18.05,18.11,3563,0.65,42, 3067, 86.08,-0.28
NAGREEKEXP, EQ, 09-Feb-2022,46.0,46.0,47.0,43.2, 46.10,44.95,44.91,30304,13.61,689, 15192, 50.13,-2.28
NAGREEKEXP, EQ, 09-Feb-2023,36.85,38.4,38.4,34.15, 35.30,35.35,35.64,14702,5.24,237, 9233, 62.80,-4.07
NAGREEKEXP, EQ, 09-Mar-2020,11.5,10.95,10.95,10.95, 10.95,10.95,10.95,1836,0.2,22, 1836, 100.00,-4.78
NAGREEKEXP, EQ, 09-Mar-2021,17.75,17.65,18.25,17.15, 17.25,17.4,17.62,4111,0.72,55, 3418, 83.14,-1.97
NAGREEKEXP, EQ, 09-Mar-2022,34.6,34.5,36.0,34.3, 35.50,35.6,35.24,11487,4.05,243, 7303, 63.58,2.89
NAGREEKEXP, EQ, 09-Mar-2023,35.1,35.95,37.2,34.5, 34.65,34.95,35.92,17960,6.45,349, 8621, 48.00,-0.43
NAGREEKEXP, EQ, 09-Apr-2020,8.65,8.45,9.45,8.45, 9.20,9.25,9.04,5851,0.53,20, 5846, 99.91,6.94
NAGREEKEXP, EQ, 09-Apr-2021,17.3,19.0,19.0,18.1,18.75,18.95,18.91,49137,9.29,179, 36701, 74.69,9.54
NAGREEKEXP, EQ, 09-Apr-2024,33.3,33.8,33.85,32.95, 33.35,33.05,33.24,38109,12.67,349, 29874, 78.39,-0.75
NAGREEKEXP, EQ, 09-Apr-2025,25.37,27.45,27.45,24.8,24.8,24.93,25.1,24362,6.11,509, 14310, 58.74,-1.73
NAGREEKEXP, EQ, 09-May-2022,63.9,64.95,65.2,59.3, 60.10,60.25,62.87,22696,14.27,492, 13404, 59.06,-5.71
NAGREEKEXP, EQ, 09-May-2023,37.15,37.1,39.0,35.0,35.85,35.95,37.42,54804,20.51,436, 34215, 62.43,-3.23
NAGREEKEXP, EQ, 09-May-2024,29.95,29.9,30.5,29.35,29.5,29.65,29.79,22124,6.59,207, 18262, 82.54,-1.0
NAGREEKEXP, EQ, 09-Jun-2020,13.95,15.4,15.4,13.0, 13.90,13.7,14.11,58918,8.31,237, 39777, 67.51,-1.79
NAGREEKEXP, EQ, 09-Jun-2021,27.3,27.4,28.35,26.05,28.0,27.05,27.17,23467,6.38,255, 15283, 65.13,-0.92
NAGREEKEXP, EQ, 09-Jun-2022,38.45,38.35,39.75,37.9, 39.40,38.85,38.32,8255,3.16,202, 6274, 76.00,1.04
NAGREEKEXP, EQ, 09-Jun-2023,46.6,46.6,47.0,44.1, 44.40,44.4,45.15,28306,12.78,548, 15828, 55.92,-4.72
NAGREEKEXP, EQ, 09-Jul-2020,13.2,14.0,14.0,13.2, 13.65,13.5,13.36,5582,0.75,53, 5039, 90.27,2.27
NAGREEKEXP, EQ, 09-Jul-2021,28.8,28.2,29.65,28.2,29.2,29.15,29.05,8627,2.51,115, 5341, 61.91,1.22
NAGREEKEXP, EQ, 09-Jul-2024,37.39,37.79,37.88,36.3,37.15,36.88,37.3,44206,16.49,763, 16979, 38.41,-1.36
NAGREEKEXP, EQ, 09-Aug-2021,50.25,52.75,52.75,47.75, 47.75,47.9,51.65,110760,57.21,547, 88654, 80.04,-4.68
NAGREEKEXP, EQ, 09-Aug-2024,39.54,39.89,42.5,39.88,40.04,40.45,41.4,285632,118.26,1866, 149133, 52.21,2.3
NAGREEKEXP, EQ, 09-Sep-2020,13.4,13.15,13.35,12.9, 12.95,13.2,13.06,4740,0.62,35, 4460, 94.09,-1.49
NAGREEKEXP, EQ, 09-Sep-2022,37.8,38.0,38.6,37.3, 37.80,38.05,38.12,30623,11.67,400, 14194, 46.35,0.66
NAGREEKEXP, EQ, 09-Oct-2020,14.55,14.15,15.0,14.05, 14.25,14.25,14.46,6830,0.99,65, 5116, 74.90,-2.06
NAGREEKEXP, EQ, 09-Oct-2023,55.8,54.0,55.3,52.05, 52.95,52.85,53.25,61834,32.93,995, 14793, 23.92,-5.29
NAGREEKEXP, EQ, 09-Nov-2020,14.6,15.2,16.9,13.45, 16.50,16.4,15.82,206409,32.66,752, 73552, 35.63,12.33
NAGREEKEXP, EQ, 09-Nov-2021,39.15,40.05,41.1,40.0,41.1,41.1,41.03,67238,27.59,260, 52049, 77.41,4.98
NAGREEKEXP, EQ, 09-Nov-2022,36.9,36.9,36.9,35.85, 36.35,36.1,36.19,8883,3.21,244, 4724, 53.18,-2.17
NAGREEKEXP, EQ, 09-Nov-2023,53.5,53.8,53.9,50.9, 52.40,52.6,52.56,21272,11.18,365, 11055, 51.97,-1.68
NAGREEKEXP, EQ, 09-Dec-2020,17.75,17.9,18.55,17.35,17.7,17.85,18.2,17058,3.11,84, 14549, 85.29,0.56
NAGREEKEXP, EQ, 09-Dec-2021,33.8,33.05,35.45,33.05, 34.50,34.85,35.0,9338,3.27,139, 7340, 78.60,3.11
NAGREEKEXP, EQ, 09-Dec-2022,45.45,45.95,48.3,45.1, 45.85,45.8,46.4,36640,17.0,371, 25180, 68.72,0.77
NAGREEKEXP, EQ, 10-Jan-2020,14.45,15.0,15.55,13.55, 15.35,14.85,14.44,27291,3.94,278, 9851, 36.10,2.77
NAGREEKEXP, EQ, 10-Jan-2022,41.5,43.55,43.55,42.0,43.55,43.55,43.42,52474,22.78,331, 39039, 74.40,4.94
NAGREEKEXP, EQ, 10-Jan-2023,40.0,40.85,40.85,39.1,39.1,39.4,39.54,4477,1.77,67, 3423, 76.46,-1.5
NAGREEKEXP, EQ, 10-Feb-2020,13.75,13.7,14.4,13.45, 13.75,13.75,13.86,8275,1.15,33, 5533, 66.86,0.0
NAGREEKEXP, EQ, 10-Feb-2021,18.05,18.8,18.8,17.65,17.85,18.05,18.03,4096,0.74,80, 2741, 66.92,0.0
NAGREEKEXP, EQ, 10-Feb-2022,44.95,45.95,46.85,45.1,46.85,45.95,46.05,10066,4.64,198, 8341, 82.86,2.22
NAGREEKEXP, EQ, 10-Feb-2023,35.35,36.05,38.35,35.4, 36.50,37.15,36.66,19624,7.19,206, 12451, 63.45,5.09
NAGREEKEXP, EQ, 10-Feb-2025,35.13,34.21,35.42,33.3,33.6,33.96,34.22,12611,4.32,463, 6602, 52.35,-3.33
NAGREEKEXP, EQ, 10-Mar-2021,17.4,17.4,17.55,17.0, 17.25,17.25,17.31,2738,0.47,44, 1838, 67.13,-0.86
NAGREEKEXP, EQ, 10-Mar-2022,35.6,36.0,38.75,35.95, 37.20,37.45,37.21,21281,7.92,967, 5266, 24.75,5.2
NAGREEKEXP, EQ, 10-Mar-2023,34.95,34.2,35.4,34.2, 34.25,34.35,34.51,2909,1.0,81, 1679, 57.72,-1.72
NAGREEKEXP, EQ, 10-Mar-2025,29.6,30.9,30.9,28.1,29.32,28.58,29.06,14222,4.13,330, 7194, 50.58,-3.45
NAGREEKEXP, EQ, 10-Apr-2023,32.25,32.1,34.05,31.95, 32.10,32.25,32.81,8315,2.73,157, 4382, 52.70,0.0
NAGREEKEXP, EQ, 10-Apr-2024,33.05,33.05,34.3,33.05, 33.95,33.85,33.74,49649,16.75,394, 40861, 82.30,2.42
NAGREEKEXP, EQ, 10-May-2021,18.55,18.9,19.95,18.5, 18.75,19.15,19.17,30662,5.88,289, 22357, 72.91,3.23
NAGREEKEXP, EQ, 10-May-2022,60.25,60.05,63.55,54.25, 54.25,54.95,58.1,53852,31.29,1040, 25960, 48.21,-8.8
NAGREEKEXP, EQ, 10-May-2023,35.95,35.85,37.95,35.85,36.45,36.25,36.25,5468,1.98,243, 2795, 51.12,0.83
NAGREEKEXP, EQ, 10-May-2024,29.65,30.65,30.65,28.95,29.5,29.6,29.41,28854,8.49,348, 22153, 76.78,-0.17
NAGREEKEXP, EQ, 10-Jun-2020,13.7,13.7,13.95,12.9, 13.95,13.85,13.52,9688,1.31,80, 6529, 67.39,1.09
NAGREEKEXP, EQ, 10-Jun-2021,27.05,27.05,28.05,26.3, 27.00,26.9,27.52,30444,8.38,144, 24169, 79.39,-0.55
NAGREEKEXP, EQ, 10-Jun-2022,38.85,39.9,40.45,37.25,40.4,39.5,38.83,16399,6.37,244, 10415, 63.51,1.67
NAGREEKEXP, EQ, 10-Jun-2024,30.4,30.7,31.17,30.19,30.69,30.49,30.59,28400,8.69,252, 19072, 67.15,0.3
NAGREEKEXP, EQ, 10-Jul-2020,13.5,13.5,13.5,13.0,13.05,13.1,13.28,3117,0.41,19, 1877, 60.22,-2.96
NAGREEKEXP, EQ, 10-Jul-2024,36.88,37.66,37.66,35.01,35.71,36.1,35.94,60886,21.88,1263, 20583, 33.81,-2.11
NAGREEKEXP, EQ, 10-Aug-2020,14.5,15.65,17.4,15.65, 17.40,17.4,16.98,131076,22.25,451, 75672, 57.73,20.0
NAGREEKEXP, EQ, 10-Aug-2021,47.9,45.55,46.9,45.55, 45.55,45.55,45.58,18156,8.27,122, 17279, 95.17,-4.91
NAGREEKEXP, EQ, 10-Aug-2022,35.95,37.2,37.7,36.1,36.95,36.85,36.86,24962,9.2,436, 13848, 55.48,2.5
NAGREEKEXP, EQ, 10-Sep-2020,13.2,13.4,13.95,13.2, 13.95,13.75,13.49,3406,0.46,30, 3342, 98.12,4.17
NAGREEKEXP, EQ, 10-Oct-2022,38.8,39.25,41.6,38.0, 40.50,39.9,40.73,65687,26.76,855, 39585, 60.26,2.84
NAGREEKEXP, EQ, 10-Oct-2023,52.85,53.0,54.0,52.35, 53.85,53.25,53.43,47890,25.59,1006, 10091, 21.07,0.76
NAGREEKEXP, EQ, 10-Nov-2020,16.4,16.95,19.5,14.2, 18.85,18.95,18.31,565624,103.57,2175, 162287, 28.69,15.55
NAGREEKEXP, EQ, 10-Nov-2021,41.1,41.9,43.15,41.1, 43.15,43.15,42.85,58537,25.08,453, 48164, 82.28,4.99
NAGREEKEXP, EQ, 10-Nov-2022,36.1,36.45,36.65,34.35, 36.15,35.9,35.58,12156,4.33,205, 7577, 62.33,-0.55
NAGREEKEXP, EQ, 10-Nov-2023,52.6,55.0,55.0,52.2,54.4,54.1,53.78,30535,16.42,719, 12266, 40.17,2.85
NAGREEKEXP, EQ, 10-Dec-2020,17.85,18.25,18.3,17.35, 17.75,17.65,17.72,7099,1.26,76, 6489, 91.41,-1.12
NAGREEKEXP, EQ, 10-Dec-2021,34.85,34.55,35.9,33.65, 34.05,34.45,34.37,13147,4.52,169, 8977, 68.28,-1.15
NAGREEKEXP, EQ, 11-Jan-2021,22.75,22.55,23.0,21.8, 21.90,21.95,22.45,26805,6.02,153, 21410, 79.87,-3.52
NAGREEKEXP, EQ, 11-Jan-2022,43.55,45.3,45.7,43.6,44.5,45.1,45.24,60551,27.39,586, 40053, 66.15,3.56
NAGREEKEXP, EQ, 11-Jan-2023,39.4,39.5,40.35,39.5, 40.15,39.6,39.86,2290,0.91,36, 1837, 80.22,0.51
NAGREEKEXP, EQ, 11-Feb-2020,13.75,13.8,14.0,13.4, 14.00,13.55,13.77,4456,0.61,36, 3296, 73.97,-1.45
NAGREEKEXP, EQ, 11-Feb-2021,18.05,18.05,18.5,17.8,18.1,18.2,17.94,7885,1.41,43, 6410, 81.29,0.83
NAGREEKEXP, EQ, 11-Feb-2022,45.95,46.85,47.5,44.7,46.8,46.55,46.3,21242,9.84,463, 12519, 58.94,1.31
NAGREEKEXP, EQ, 11-Feb-2025,33.96,33.0,34.49,30.72,32.0,31.87,32.32,30924,9.99,474, 17862, 57.76,-6.15
NAGREEKEXP, EQ, 11-Mar-2020,10.95,10.95,11.0,10.95, 10.95,10.95,10.95,1578,0.17,91, 1578, 100.00,0.0
NAGREEKEXP, EQ, 11-Mar-2022,37.45,37.45,38.0,35.65, 36.70,37.3,37.24,8377,3.12,489, 1746, 20.84,-0.4
NAGREEKEXP, EQ, 11-Mar-2025,28.58,30.5,30.5,27.6,28.05,28.04,28.23,13986,3.95,175, 9268, 66.27,-1.89
NAGREEKEXP, EQ, 11-Apr-2022,44.9,44.5,53.85,44.15,53.85,53.85,51.41,251034,129.05,1283, 162620, 64.78,19.93
NAGREEKEXP, EQ, 11-Apr-2023,32.25,33.6,34.55,32.55, 34.00,33.9,33.72,5484,1.85,129, 4155, 75.77,5.12
NAGREEKEXP, EQ, 11-Apr-2025,24.93,26.36,26.36,25.22,25.95,25.94,25.79,9762,2.52,210, 6206, 63.57,4.05
NAGREEKEXP, EQ, 11-May-2020,9.85,9.85,10.4,9.65, 10.35,10.35,9.96,1081,0.11,19, 801, 74.10,5.08
NAGREEKEXP, EQ, 11-May-2021,19.15,18.25,20.8,18.25, 18.90,19.25,19.26,11370,2.19,119, 9428, 82.92,0.52
NAGREEKEXP, EQ, 11-May-2022,54.95,57.15,57.25,52.25,52.25,52.25,54.31,22193,12.05,354, 11245, 50.67,-4.91
NAGREEKEXP, EQ, 11-May-2023,36.25,36.0,37.15,35.75, 36.00,36.0,36.07,2666,0.96,89, 2227, 83.53,-0.69
NAGREEKEXP, EQ, 11-Jun-2020,13.85,14.35,14.35,13.05, 13.05,13.45,13.62,8893,1.21,45, 7680, 86.36,-2.89
NAGREEKEXP, EQ, 11-Jun-2021,26.9,26.6,28.9,26.6, 27.15,27.8,27.92,31313,8.74,234, 25785, 82.35,3.35
NAGREEKEXP, EQ, 11-Jun-2024,30.49,30.15,32.0,30.15,31.3,30.89,30.61,18195,5.57,216, 9876, 54.28,1.31
NAGREEKEXP, EQ, 11-Jul-2022,30.35,31.6,31.85,30.95,31.85,31.7,31.72,70556,22.38,317, 61480, 87.14,4.45
NAGREEKEXP, EQ, 11-Jul-2024,36.1,36.24,36.93,35.6,36.0,36.12,36.13,33659,12.16,972, 12053, 35.81,0.06
NAGREEKEXP, EQ, 11-Aug-2020,17.4,18.7,19.1,16.25,16.7,16.85,17.28,194389,33.59,1221, 98376, 50.61,-3.16
NAGREEKEXP, EQ, 11-Aug-2021,45.55,43.3,43.3,43.3, 43.30,43.3,43.3,4016,1.74,35, 4015, 99.98,-4.94
NAGREEKEXP, EQ, 11-Aug-2022,36.85,36.95,37.95,35.6,36.75,36.1,36.68,23810,8.73,531, 6567, 27.58,-2.04
NAGREEKEXP, EQ, 11-Sep-2020,13.75,13.5,13.85,13.3, 13.50,13.5,13.75,1329,0.18,18, 1209, 90.97,-1.82
NAGREEKEXP, EQ, 11-Oct-2022,39.9,41.4,41.9,36.1, 40.00,39.2,40.16,29490,11.84,552, 14549, 49.34,-1.75
NAGREEKEXP, EQ, 11-Oct-2023,53.25,54.0,55.8,53.25, 53.25,53.65,54.44,46799,25.48,1026, 21870, 46.73,0.75
NAGREEKEXP, EQ, 11-Nov-2020,18.95,19.5,19.8,17.1, 17.10,17.1,18.4,374894,68.99,1211, 140908, 37.59,-9.76
NAGREEKEXP, EQ, 11-Nov-2021,43.15,45.25,45.3,41.0, 42.00,41.4,43.09,42718,18.41,612, 25915, 60.67,-4.06
NAGREEKEXP, EQ, 11-Nov-2022,35.9,37.5,37.5,35.15,35.8,36.0,35.89,4737,1.7,123, 2629, 55.50,0.28
NAGREEKEXP, EQ, 11-Dec-2020,17.65,18.0,19.1,17.95, 18.20,18.2,18.51,21260,3.94,205, 18434, 86.71,3.12
NAGREEKEXP, EQ, 11-Dec-2023,76.7,76.7,77.65,73.2, 74.20,74.1,74.78,121180,90.62,1973, 76989, 63.53,-3.39
NAGREEKEXP, EQ, 12-Jan-2021,21.95,21.8,22.5,21.4, 21.60,21.75,22.0,7658,1.68,99, 4529, 59.14,-0.91
NAGREEKEXP, EQ, 12-Jan-2022,45.1,46.7,47.35,43.2,43.2,43.4,45.12,47036,21.22,486, 25955, 55.18,-3.77
NAGREEKEXP, EQ, 12-Jan-2023,39.6,41.15,41.15,38.5, 38.55,38.7,39.24,9965,3.91,153, 7165, 71.90,-2.27
NAGREEKEXP, EQ, 12-Feb-2020,13.55,13.85,13.95,13.65, 13.65,13.65,13.76,2612,0.36,55, 839, 32.12,0.74
NAGREEKEXP, EQ, 12-Feb-2021,18.2,17.85,18.8,17.85,18.1,18.15,18.48,24244,4.48,81, 22862, 94.30,-0.27
NAGREEKEXP, EQ, 12-Feb-2025,31.87,31.25,34.6,30.02,30.61,31.02,31.92,37725,12.04,504, 21614, 57.29,-2.67
NAGREEKEXP, EQ, 12-Mar-2020,10.95,11.45,11.45,10.45, 10.95,10.95,10.78,1705,0.18,16, 1695, 99.41,0.0
NAGREEKEXP, EQ, 12-Mar-2021,17.25,16.65,17.3,16.65, 16.85,16.9,17.01,5529,0.94,57, 4663, 84.34,-2.03
NAGREEKEXP, EQ, 12-Mar-2025,28.04,29.78,29.78,27.75,27.76,27.85,28.36,26783,7.6,567, 13185, 49.23,-0.68
NAGREEKEXP, EQ, 12-Apr-2021,18.95,18.95,18.95,17.5, 17.75,17.65,17.94,8294,1.49,107, 6413, 77.32,-6.86
NAGREEKEXP, EQ, 12-Apr-2022,53.85,57.8,64.6,55.45, 64.40,64.2,62.44,1415071,883.62,16068, 321293, 22.71,19.22
NAGREEKEXP, EQ, 12-Apr-2023,33.9,34.1,35.25,32.55, 33.90,34.35,34.11,13886,4.74,189, 10612, 76.42,1.33
NAGREEKEXP, EQ, 12-Apr-2024,33.85,34.3,34.3,32.65, 32.90,32.85,33.15,36612,12.14,401, 28567, 78.03,-2.95
NAGREEKEXP, EQ, 12-May-2020,10.35,10.0,10.2,9.45, 9.95,9.65,9.71,3435,0.33,36, 2041, 59.42,-6.76
NAGREEKEXP, EQ, 12-May-2021,19.25,18.35,19.9,18.35,19.9,19.8,19.63,9069,1.78,109, 7733, 85.27,2.86
NAGREEKEXP, EQ, 12-May-2022,52.25,50.05,50.95,49.65,49.65,49.65,49.71,15192,7.55,190, 12808, 84.31,-4.98
NAGREEKEXP, EQ, 12-May-2023,36.0,37.25,37.25,35.75, 36.10,35.85,36.03,1501,0.54,24, 1379, 91.87,-0.42
NAGREEKEXP, EQ, 12-Jun-2020,13.45,12.15,13.4,12.15, 12.55,13.0,12.58,3960,0.5,42, 3121, 78.81,-3.35
NAGREEKEXP, EQ, 12-Jun-2023,44.4,44.4,53.25,44.4, 53.25,53.25,51.86,229520,119.04,1566, 125495, 54.68,19.93
NAGREEKEXP, EQ, 12-Jun-2024,30.89,31.16,31.19,30.61,31.15,31.01,30.98,17228,5.34,269, 12073, 70.08,0.39
NAGREEKEXP, EQ, 12-Jul-2021,29.15,29.15,30.6,29.1, 30.60,30.6,30.42,30342,9.23,138, 24711, 81.44,4.97
NAGREEKEXP, EQ, 12-Jul-2022,31.7,32.35,32.35,30.2,30.3,30.65,31.29,31194,9.76,361, 17637, 56.54,-3.31
NAGREEKEXP, EQ, 12-Jul-2024,36.12,36.6,37.19,35.91,36.2,36.15,36.44,43244,15.76,957, 18307, 42.33,0.08
NAGREEKEXP, EQ, 12-Aug-2020,16.85,16.7,18.3,15.3,16.5,16.45,16.64,75734,12.6,773, 30016, 39.63,-2.37
NAGREEKEXP, EQ, 12-Aug-2022,36.1,37.0,37.5,35.1,37.2,36.7,36.23,15634,5.66,419, 6882, 44.02,1.66
NAGREEKEXP, EQ, 12-Aug-2024,40.45,39.86,41.78,39.86,40.2,40.5,40.86,180670,73.82,2000, 80053, 44.31,0.12
NAGREEKEXP, EQ, 12-Sep-2022,38.05,37.35,38.5,37.35, 37.60,37.75,38.06,34587,13.16,396, 19097, 55.21,-0.79
NAGREEKEXP, EQ, 12-Oct-2020,14.25,14.25,15.15,14.0, 14.65,14.65,14.76,5507,0.81,33, 4772, 86.65,2.81
NAGREEKEXP, EQ, 12-Oct-2021,32.05,31.6,33.4,31.6, 33.35,33.3,33.12,11494,3.81,77, 10041, 87.36,3.9
NAGREEKEXP, EQ, 12-Oct-2022,39.2,38.65,41.0,38.5, 38.55,39.3,39.91,26911,10.74,413, 13386, 49.74,0.26
NAGREEKEXP, EQ, 12-Oct-2023,53.65,53.65,56.45,53.05, 56.15,55.85,55.17,50584,27.91,1021, 13412, 26.51,4.1
NAGREEKEXP, EQ, 12-Nov-2020,17.1,16.95,16.95,15.4, 15.40,15.4,15.65,82415,12.9,486, 53867, 65.36,-9.94
NAGREEKEXP, EQ, 12-Nov-2021,41.4,42.85,43.45,39.6, 41.50,41.15,41.77,52974,22.13,467, 25988, 49.06,-0.6
NAGREEKEXP, EQ, 12-Dec-2022,45.8,46.95,47.0,45.1, 46.00,45.45,45.69,16901,7.72,182, 12151, 71.90,-0.76
NAGREEKEXP, EQ, 12-Dec-2023,74.1,74.7,74.7,68.2, 69.35,69.05,70.8,102796,72.78,1341, 67449, 65.61,-6.82
NAGREEKEXP, EQ, 13-Jan-2020,14.85,14.0,17.8,13.7, 17.80,17.75,17.28,93629,16.18,607, 51746, 55.27,19.53
NAGREEKEXP, EQ, 13-Jan-2021,21.75,21.95,22.5,21.3, 21.30,21.65,21.97,8025,1.76,103, 4166, 51.91,-0.46
NAGREEKEXP, EQ, 13-Jan-2022,43.4,43.55,45.45,41.6, 43.95,43.95,43.38,28349,12.3,310, 16567, 58.44,1.27
NAGREEKEXP, EQ, 13-Jan-2023,38.7,38.75,40.5,38.75,39.15,39.3,39.39,1254,0.49,51, 778, 62.04,1.55
NAGREEKEXP, EQ, 13-Feb-2020,13.65,13.45,13.8,13.45, 13.70,13.6,13.5,615,0.08,18, 313, 50.89,-0.37
NAGREEKEXP, EQ, 13-Feb-2023,37.15,37.15,37.55,36.2,36.55,36.6,36.8,3151,1.16,62, 2591, 82.23,-1.48
NAGREEKEXP, EQ, 13-Feb-2025,31.02,30.85,32.8,30.85,32.39,32.3,32.19,9740,3.14,216, 5285, 54.26,4.13
NAGREEKEXP, EQ, 13-Mar-2020,10.95,10.95,10.95,10.45, 10.45,10.45,10.45,5931,0.62,6, 5931, 100.00,-4.57
NAGREEKEXP, EQ, 13-Mar-2023,34.35,35.2,36.45,32.5, 33.00,33.15,34.67,20405,7.07,265, 9966, 48.84,-3.49
NAGREEKEXP, EQ, 13-Mar-2025,27.85,29.18,29.18,25.0,25.55,25.75,26.72,31630,8.45,622, 23180, 73.28,-7.54
NAGREEKEXP, EQ, 13-Apr-2020,9.25,9.25,10.15,8.5, 8.75,8.75,8.74,8550,0.75,64,3384,72.39,-5.41
NAGREEKEXP, EQ, 13-Apr-2021,17.65,17.65,17.75,16.0, 17.00,17.0,16.7,47416,7.92,272, 18373, 38.75,-3.68
NAGREEKEXP, EQ, 13-Apr-2022,64.2,64.95,68.4,60.55,61.6,62.45,64.1,648047,415.37,12952, 208673, 32.20,-2.73
NAGREEKEXP, EQ, 13-Apr-2023,34.35,33.4,34.9,32.8, 32.80,33.75,33.85,5941,2.01,119, 3952, 66.52,-1.75
NAGREEKEXP, EQ, 13-May-2020,9.65,9.95,10.6,9.2,9.8,9.75,9.56,9653,0.92,53, 6622, 68.60,1.04
NAGREEKEXP, EQ, 13-May-2022,49.65,52.0,52.1,49.1,51.0,51.2,51.34,19921,10.23,334, 11171, 56.08,3.12
NAGREEKEXP, EQ, 13-May-2024,29.6,30.5,30.5,29.4,29.6,29.65,29.97,27066,8.11,260, 19027, 70.30,0.17
NAGREEKEXP, EQ, 13-Jun-2022,39.5,38.0,40.0,37.55,38.7,38.35,38.37,6084,2.33,221, 4055, 66.65,-2.91
NAGREEKEXP, EQ, 13-Jun-2023,53.25,55.05,63.9,55.05, 63.90,63.7,60.65,1524759,924.81,11607, 284427, 18.65,19.62
NAGREEKEXP, EQ, 13-Jun-2024,31.01,31.89,32.0,31.01,31.15,31.54,31.49,49743,15.66,544, 33022, 66.39,1.71
NAGREEKEXP, EQ, 13-Jul-2020,13.1,12.7,13.5,12.7, 13.40,13.1,13.23,3047,0.4,25, 1555, 51.03,0.0
NAGREEKEXP, EQ, 13-Jul-2021,30.6,31.8,32.1,30.85, 31.90,31.4,31.73,46863,14.87,320, 26569, 56.70,2.61
NAGREEKEXP, EQ, 13-Jul-2022,30.65,31.5,32.0,30.0,31.6,31.85,31.45,39541,12.43,499, 18181, 45.98,3.92
NAGREEKEXP, EQ, 13-Aug-2020,16.45,16.0,17.45,15.65, 16.25,16.05,16.55,28159,4.66,249, 23314, 82.79,-2.43
NAGREEKEXP, EQ, 13-Aug-2024,40.5,41.48,43.8,36.45,37.62,37.98,40.94,405936,166.18,1693, 88174, 21.72,-6.22
NAGREEKEXP, EQ, 13-Sep-2022,37.75,38.5,38.5,37.8, 37.80,37.9,38.15,24874,9.49,434, 11627, 46.74,0.4
NAGREEKEXP, EQ, 13-Oct-2020,14.65,14.25,14.7,14.1, 14.10,14.15,14.32,1036,0.15,34, 292, 28.19,-3.41
NAGREEKEXP, EQ, 13-Oct-2021,33.3,33.65,34.5,33.05,34.3,33.8,33.95,30942,10.51,122, 21185, 68.47,1.5
NAGREEKEXP, EQ, 13-Oct-2022,39.3,41.0,41.0,37.15,38.75,38.65,39.4,20435,8.05,286, 10278, 50.30,-1.65
NAGREEKEXP, EQ, 13-Oct-2023,55.85,55.0,57.1,54.15, 55.40,54.8,55.59,50086,27.84,1440, 13672, 27.30,-1.88
NAGREEKEXP, EQ, 13-Nov-2020,15.4,15.75,16.45,14.3,15.5,15.7,15.73,21391,3.36,236, 13616, 63.65,1.95
NAGREEKEXP, EQ, 13-Nov-2023,55.3,55.3,57.0,54.05, 55.90,55.45,55.51,42090,23.36,1046, 18166, 43.16,0.27
NAGREEKEXP, EQ, 13-Dec-2021,34.45,34.95,34.95,34.25,34.45,34.9,34.63,3210,1.11,61, 2914, 90.78,1.31
NAGREEKEXP, EQ, 13-Dec-2022,45.45,47.5,47.5,44.1, 44.90,44.65,45.33,31508,14.28,397, 19000, 60.30,-1.76
NAGREEKEXP, EQ, 14-Jan-2020,17.75,19.35,21.3,17.0, 21.30,21.2,19.83,369302,73.24,1881, 144742, 39.19,19.44
NAGREEKEXP, EQ, 14-Jan-2021,21.65,21.15,22.4,20.6, 20.60,20.9,21.1,11783,2.49,116, 7355, 62.42,-3.46
NAGREEKEXP, EQ, 14-Jan-2022,43.95,43.15,44.65,42.3, 44.50,44.2,43.57,40089,17.47,427, 20131, 50.22,0.57
NAGREEKEXP, EQ, 14-Feb-2020,13.6,14.25,14.25,13.1, 13.55,13.55,13.37,664,0.09,33, 553, 83.28,-0.37
NAGREEKEXP, EQ, 14-Feb-2022,46.55,47.7,47.7,41.9,41.9,42.0,42.66,58664,25.03,517, 36725, 62.60,-9.77
NAGREEKEXP, EQ, 14-Feb-2023,36.6,36.75,37.2,35.05,36.0,35.4,35.72,4350,1.55,65, 2748, 63.17,-3.28
NAGREEKEXP, EQ, 14-Feb-2025,32.3,31.0,32.39,29.76,31.0,31.03,30.97,12766,3.95,371, 8795, 68.89,-3.93
NAGREEKEXP, EQ, 14-Mar-2022,37.3,37.3,37.95,36.0,37.6,37.4,37.06,13314,4.93,771, 2074, 15.58,0.27
NAGREEKEXP, EQ, 14-Mar-2023,33.15,34.7,34.7,32.5, 32.50,32.9,33.12,4204,1.39,87, 3573, 84.99,-0.75
NAGREEKEXP, EQ, 14-May-2020,9.75,9.2,9.9,9.2,9.75,9.75,9.62,785,0.08,18, 676, 86.11,0.0
NAGREEKEXP, EQ, 14-May-2021,19.8,19.9,19.9,18.45, 19.05,19.05,18.84,17606,3.32,155, 9403, 53.41,-3.79
NAGREEKEXP, EQ, 14-May-2024,29.65,29.9,30.5,29.7,30.5,30.35,30.15,23593,7.11,201, 19613, 83.13,2.36
NAGREEKEXP, EQ, 14-Jun-2021,27.8,27.5,27.85,26.3, 26.85,26.8,26.9,14530,3.91,165, 9022, 62.09,-3.6
NAGREEKEXP, EQ, 14-Jun-2022,38.35,39.7,40.25,37.75, 39.50,38.55,39.36,19472,7.67,346, 12506, 64.23,0.52
NAGREEKEXP, EQ, 14-Jun-2023,63.7,65.95,68.0,61.45, 61.55,62.5,64.69,533550,345.17,5310, 159206, 29.84,-1.88
NAGREEKEXP, EQ, 14-Jun-2024,31.54,31.52,31.95,31.11,31.41,31.29,31.67,33474,10.6,278, 24799, 74.08,-0.79
NAGREEKEXP, EQ, 14-Jul-2020,13.1,13.7,13.75,12.3,12.95,12.85,12.87,7789,1.0,46, 5724, 73.49,-1.91
NAGREEKEXP, EQ, 14-Jul-2021,31.4,31.95,32.95,31.25, 32.65,32.8,32.64,52011,16.98,572, 27309, 52.51,4.46
NAGREEKEXP, EQ, 14-Jul-2022,31.85,31.55,33.05,31.55, 32.80,32.8,32.57,25651,8.35,447, 11866, 46.26,2.98
NAGREEKEXP, EQ, 14-Aug-2020,16.05,15.4,16.95,15.4, 16.00,15.95,16.14,15768,2.54,148, 10952, 69.46,-0.62
NAGREEKEXP, EQ, 14-Aug-2024,37.98,38.0,38.0,37.15,37.49,37.32,37.49,70488,26.43,887, 32628, 46.29,-1.74
NAGREEKEXP, EQ, 14-Sep-2020,13.5,12.65,14.45,12.4,13.35,13.25,12.99,13511,1.76,68, 8871, 65.66,-1.85
NAGREEKEXP, EQ, 14-Sep-2022,37.9,37.9,38.9,37.45,37.75,38.1,38.04,25425,9.67,324, 11095, 43.64,0.53
NAGREEKEXP, EQ, 14-Oct-2020,14.15,14.15,14.3,13.65, 14.25,13.85,13.86,2355,0.33,34, 1489, 63.23,-2.12
NAGREEKEXP, EQ, 14-Oct-2021,33.8,34.5,34.5,32.5,32.5,32.85,33.15,15582,5.16,211, 9115, 58.50,-2.81
NAGREEKEXP, EQ, 14-Oct-2022,38.65,39.05,42.15,38.2, 39.40,39.1,40.56,73562,29.83,806, 19274, 26.20,1.16
NAGREEKEXP, EQ, 14-Nov-2022,36.0,36.9,36.9,35.5,35.55,35.55,35.86,11650,4.18,275, 5772, 49.55,-1.25
NAGREEKEXP, EQ, 14-Dec-2020,18.2,18.6,19.25,17.15,17.95,17.7,18.03,19859,3.58,142, 15361, 77.35,-2.75
NAGREEKEXP, EQ, 14-Dec-2021,34.9,35.9,36.35,34.85,35.65,35.55,35.54,4726,1.68,59, 3184, 67.37,1.86
NAGREEKEXP, EQ, 14-Dec-2022,44.65,45.1,45.1,43.65, 43.85,43.95,44.21,17864,7.9,240, 11781, 65.95,-1.57
NAGREEKEXP, EQ, 15-Jan-2020,21.2,21.9,23.2,19.15, 19.30,19.4,20.72,112502,23.32,792, 44730, 39.76,-8.49
NAGREEKEXP, EQ, 15-Jan-2021,20.9,20.9,20.9,19.9,19.9,19.9,20.07,13468,2.7,113, 11794, 87.57,-4.78
NAGREEKEXP, EQ, 15-Feb-2021,18.15,17.95,17.95,17.25, 17.25,17.25,17.51,9941,1.74,79, 9106, 91.60,-4.96
NAGREEKEXP, EQ, 15-Feb-2022,42.0,42.8,42.9,39.6,41.9,41.7,41.01,25567,10.49,531, 12278, 48.02,-0.71
NAGREEKEXP, EQ, 15-Feb-2023,35.4,34.6,36.15,34.25, 35.90,35.4,35.31,7712,2.72,106, 2649, 34.35,0.0
NAGREEKEXP, EQ, 15-Mar-2021,16.9,16.9,17.25,16.55, 17.20,16.75,16.71,1239,0.21,41, 1020, 82.32,-0.89
NAGREEKEXP, EQ, 15-Mar-2022,37.4,36.5,37.65,35.15,35.75,36.0,36.41,15642,5.7,494, 5745, 36.73,-3.74
NAGREEKEXP, EQ, 15-Mar-2023,32.9,33.95,34.35,32.1, 32.75,32.25,33.04,6943,2.29,87, 4602, 66.28,-1.98
NAGREEKEXP, EQ, 15-Apr-2020,8.75,9.15,9.5,8.7, 9.40,9.4,9.11,15286,1.39,225, 10830, 70.85,7.43
NAGREEKEXP, EQ, 15-Apr-2021,17.0,17.05,17.05,16.0,16.3,16.35,16.37,18222,2.98,96, 13097, 71.87,-3.82
NAGREEKEXP, EQ, 15-Apr-2024,32.85,32.55,32.8,31.5, 32.80,32.25,32.14,23386,7.52,366, 14693, 62.83,-1.83
NAGREEKEXP, EQ, 15-Apr-2025,25.94,26.01,26.73,26.01,26.35,26.11,26.36,22729,5.99,697, 7457, 32.81,0.66
NAGREEKEXP, EQ, 15-May-2020,9.75,9.7,10.35,9.5,9.9,10.0,9.79,1587,0.16,12, 1577, 99.37,2.56
NAGREEKEXP, EQ, 15-May-2023,35.85,36.25,36.25,34.25, 35.50,35.5,35.42,5546,1.96,102, 3876, 69.89,-0.98
NAGREEKEXP, EQ, 15-May-2024,30.35,31.4,31.4,30.1,30.7,30.9,30.8,18107,5.58,383, 11871, 65.56,1.81
NAGREEKEXP, EQ, 15-Jun-2020,13.0,13.0,13.0,12.1,12.8,12.8,12.41,6067,0.75,66, 4842, 79.81,-1.54
NAGREEKEXP, EQ, 15-Jun-2021,26.8,27.05,29.45,26.8, 29.45,29.45,28.92,42727,12.36,311, 29865, 69.90,9.89
NAGREEKEXP, EQ, 15-Jun-2022,38.55,40.3,40.3,38.4, 38.80,38.75,39.45,27231,10.74,459, 17760, 65.22,0.52
NAGREEKEXP, EQ, 15-Jul-2020,12.85,13.65,13.65,12.6,13.2,13.15,12.9,1031,0.13,26, 549, 53.25,2.33
NAGREEKEXP, EQ, 15-Jul-2021,32.8,33.95,33.95,31.6, 32.60,32.0,32.79,31184,10.22,385, 18287, 58.64,-2.44
NAGREEKEXP, EQ, 15-Jul-2022,32.8,33.4,33.65,31.75,32.95,32.7,32.45,8458,2.74,203, 2002, 23.67,-0.3
NAGREEKEXP, EQ, 15-Jul-2024,36.15,36.15,37.9,34.51,35.3,35.18,35.86,178243,63.92,1751, 68868, 38.64,-2.68
NAGREEKEXP, EQ, 15-Sep-2020,13.25,14.35,14.35,13.0, 13.75,13.5,13.43,7006,0.94,73, 5399, 77.06,1.89
NAGREEKEXP, EQ, 15-Sep-2022,38.1,38.6,38.65,37.45,37.6,37.7,38.07,19192,7.31,313, 10663, 55.56,-1.05
NAGREEKEXP, EQ, 15-Oct-2020,13.85,13.65,14.25,13.3, 14.25,13.8,13.86,8714,1.21,65, 7833, 89.89,-0.36
NAGREEKEXP, EQ, 15-Nov-2021,41.15,40.4,42.0,39.1, 39.80,39.85,39.73,29751,11.82,290, 23518, 79.05,-3.16
NAGREEKEXP, EQ, 15-Nov-2022,35.55,35.45,35.45,32.0, 33.80,33.7,33.69,41079,13.84,475, 23944, 58.29,-5.2
NAGREEKEXP, EQ, 15-Nov-2023,55.45,58.0,58.85,57.05, 57.05,57.8,57.99,74580,43.25,1034, 48443, 64.95,4.24
NAGREEKEXP, EQ, 15-Dec-2020,17.7,17.25,18.85,16.4,17.75,17.95,18.0,6887,1.24,91, 4174, 60.61,1.41
NAGREEKEXP, EQ, 15-Dec-2021,35.55,35.85,35.85,34.35, 34.95,34.95,35.19,5973,2.1,123, 1920, 32.14,-1.69
NAGREEKEXP, EQ, 15-Dec-2022,43.95,43.85,47.9,43.25, 45.50,45.75,46.15,171634,79.22,1139, 41905, 24.42,4.1
NAGREEKEXP, EQ, 16-Jan-2020,19.4,19.6,20.2,18.2, 18.70,18.6,19.19,27777,5.33,191, 15628, 56.26,-4.12
NAGREEKEXP, EQ, 16-Jan-2023,39.3,40.8,40.8,37.85, 38.25,38.35,38.75,10770,4.17,165, 7216, 67.00,-2.42
NAGREEKEXP, EQ, 16-Feb-2021,17.25,16.75,17.25,16.4, 16.50,16.45,16.71,9014,1.51,95, 7887, 87.50,-4.64
NAGREEKEXP, EQ, 16-Feb-2022,41.7,44.5,44.5,41.9,42.8,42.65,42.71,9569,4.09,254, 2222, 23.22,2.28
NAGREEKEXP, EQ, 16-Feb-2023,35.4,35.1,35.95,35.05, 35.85,35.25,35.41,6152,2.18,108, 4842, 78.71,-0.42
NAGREEKEXP, EQ, 16-Mar-2020,10.45,9.95,10.4,9.95, 10.40,9.95,9.99,4651,0.46,42, 4645, 99.87,-4.78
NAGREEKEXP, EQ, 16-Mar-2021,16.75,16.45,17.2,16.3, 17.00,16.95,16.72,12044,2.01,89, 8544, 70.94,1.19
NAGREEKEXP, EQ, 16-Mar-2022,36.0,35.85,37.75,35.85,36.6,36.8,36.8,15690,5.77,886, 3654, 23.29,2.22
NAGREEKEXP, EQ, 16-Mar-2023,32.25,32.3,32.4,31.7, 31.75,32.05,32.2,6459,2.08,133, 5561, 86.10,-0.62
NAGREEKEXP, EQ, 16-Apr-2020,9.4,10.3,10.3,8.85, 10.00,10.0,10.02,20612,2.06,88, 13672, 66.33,6.38
NAGREEKEXP, EQ, 16-Apr-2021,16.35,16.35,16.9,16.3,16.4,16.5,16.56,7923,1.31,46, 7517, 94.88,0.92
NAGREEKEXP, EQ, 16-Apr-2024,32.25,33.0,33.15,31.6, 33.05,32.95,32.7,31587,10.33,409, 24727, 78.28,2.17
NAGREEKEXP, EQ, 16-Apr-2025,26.11,27.52,29.3,25.91,27.4,27.61,27.96,96510,26.98,1933, 48123, 49.86,5.74
NAGREEKEXP, EQ, 16-May-2022,51.2,50.2,53.75,48.65,51.5,51.1,51.05,64700,33.03,512, 33428, 51.67,-0.2
NAGREEKEXP, EQ, 16-May-2023,35.5,35.2,36.4,35.0,36.2,36.15,35.82,5374,1.92,275, 2686, 49.98,1.83
NAGREEKEXP, EQ, 16-May-2024,30.9,31.15,31.35,30.5,30.5,30.6,30.83,23940,7.38,213, 15050, 62.87,-0.97
NAGREEKEXP, EQ, 16-Jun-2020,12.8,13.0,13.4,11.7, 12.45,12.45,12.24,16957,2.07,64, 14603, 86.12,-2.73
NAGREEKEXP, EQ, 16-Jun-2021,29.45,30.75,30.9,28.35, 30.30,30.7,30.67,138193,42.39,528, 88662, 64.16,4.24
NAGREEKEXP, EQ, 16-Jun-2022,38.75,40.15,40.15,36.85, 36.85,36.85,37.69,22649,8.54,258, 16639, 73.46,-4.9
NAGREEKEXP, EQ, 16-Jul-2020,13.15,12.5,13.1,12.5, 12.95,12.95,12.66,440,0.06,6, 439, 99.77,-1.52
NAGREEKEXP, EQ, 16-Jul-2021,32.0,32.45,33.6,32.1, 33.60,33.55,33.19,37456,12.43,415, 25739, 68.72,4.84
NAGREEKEXP, EQ, 16-Jul-2024,35.18,35.9,35.9,34.85,35.1,35.26,35.12,42085,14.78,785, 17921, 42.58,0.23
NAGREEKEXP, EQ, 16-Aug-2022,36.7,37.5,37.5,34.6,35.7,35.4,35.47,22870,8.11,458, 15744, 68.84,-3.54
NAGREEKEXP, EQ, 16-Aug-2024,37.32,38.85,40.15,37.06,39.78,39.78,38.98,191631,74.69,1755, 65443, 34.15,6.59
NAGREEKEXP, EQ, 16-Sep-2020,13.5,13.7,13.9,13.4,13.9,13.75,13.57,2102,0.29,27, 1958, 93.15,1.85
NAGREEKEXP, EQ, 16-Sep-2022,37.7,37.2,38.15,34.9, 36.20,35.9,36.59,37569,13.75,348, 28719, 76.44,-4.77
NAGREEKEXP, EQ, 16-Oct-2020,13.8,14.05,14.1,13.05, 13.40,13.5,13.4,1219,0.16,24, 1022, 83.84,-2.17
NAGREEKEXP, EQ, 16-Oct-2023,54.8,55.0,55.2,53.45, 53.95,54.0,54.27,13710,7.44,391, 6167, 44.98,-1.46
NAGREEKEXP, EQ, 16-Nov-2021,39.85,41.05,41.05,37.9, 38.10,38.0,38.48,9993,3.85,168, 7439, 74.44,-4.64
NAGREEKEXP, EQ, 16-Nov-2022,33.7,33.0,34.3,33.0, 33.65,33.7,33.85,6311,2.14,141, 4837, 76.64,0.0
NAGREEKEXP, EQ, 16-Nov-2023,57.8,58.9,58.9,57.2, 58.25,57.95,57.74,36613,21.14,600, 14249, 38.92,0.26
NAGREEKEXP, EQ, 16-Dec-2020,17.95,18.8,18.85,17.2, 18.15,17.85,17.92,5553,1.0,58, 4830, 86.98,-0.56
NAGREEKEXP, EQ, 16-Dec-2021,34.95,33.9,36.0,33.75, 34.30,34.45,34.94,12457,4.35,241, 6484, 52.05,-1.43
NAGREEKEXP, EQ, 16-Dec-2022,45.75,46.7,46.7,44.05, 44.70,45.05,45.08,26072,11.75,293, 16198, 62.13,-1.53
NAGREEKEXP, EQ, 17-Jan-2020,18.6,19.25,19.25,16.85, 17.05,17.2,17.55,25474,4.47,286, 11358, 44.59,-7.53
NAGREEKEXP, EQ, 17-Jan-2022,44.2,45.1,45.1,43.0,44.5,44.1,43.89,31857,13.98,224, 21204, 66.56,-0.23
NAGREEKEXP, EQ, 17-Jan-2023,38.35,38.4,39.1,37.8,38.0,38.25,38.22,4402,1.68,94, 2309, 52.45,-0.26
NAGREEKEXP, EQ, 17-Feb-2020,13.55,13.4,13.45,13.0, 13.20,13.1,13.14,2532,0.33,48, 2196, 86.73,-3.32
NAGREEKEXP, EQ, 17-Feb-2021,16.45,16.5,17.25,15.95, 16.75,16.85,16.66,8672,1.44,99, 7006, 80.79,2.43
NAGREEKEXP, EQ, 17-Feb-2022,42.65,44.85,44.85,41.6,41.6,42.1,42.26,10056,4.25,144, 4414, 43.89,-1.29
NAGREEKEXP, EQ, 17-Feb-2023,35.25,35.55,35.9,34.5, 34.55,34.55,35.1,6227,2.19,147, 3219, 51.69,-1.99
NAGREEKEXP, EQ, 17-Feb-2025,31.03,31.12,36.5,28.75,33.88,32.87,31.25,25264,7.9,460, 16483, 65.24,5.93
NAGREEKEXP, EQ, 17-Mar-2020,9.95,9.55,9.7,9.5, 9.50,9.5,9.53,3867,0.37,73, 3345, 86.50,-4.52
NAGREEKEXP, EQ, 17-Mar-2021,16.95,17.15,17.75,16.9,17.2,17.05,17.21,5350,0.92,56, 4136, 77.31,0.59
NAGREEKEXP, EQ, 17-Mar-2022,36.8,37.75,37.9,35.9, 37.10,36.55,36.9,12367,4.56,620, 3381, 27.34,-0.68
NAGREEKEXP, EQ, 17-Mar-2023,32.05,32.75,33.45,32.2, 32.40,32.75,32.77,4875,1.6,72, 3325, 68.21,2.18
NAGREEKEXP, EQ, 17-Mar-2025,25.75,26.1,27.24,26.0,26.0,26.06,26.43,16248,4.29,429, 9486, 58.38,1.2
NAGREEKEXP, EQ, 17-Apr-2020,10.0,10.9,10.9,9.7, 10.25,9.9,10.22,12766,1.3,469, 9982, 78.19,-1.0
NAGREEKEXP, EQ, 17-Apr-2023,33.75,33.85,34.05,32.8, 33.20,33.2,33.36,2266,0.76,68, 1331, 58.74,-1.63
NAGREEKEXP, EQ, 17-Apr-2025,27.61,27.5,30.0,27.01,27.99,27.61,28.52,78351,22.35,849, 32772, 41.83,0.0
NAGREEKEXP, EQ, 17-May-2021,19.05,19.05,20.8,19.05,20.8,20.7,20.32,29739,6.04,222, 22899, 77.00,8.66
NAGREEKEXP, EQ, 17-May-2022,51.1,51.4,52.5,49.75, 50.70,50.2,50.74,35558,18.04,289, 23415, 65.85,-1.76
NAGREEKEXP, EQ, 17-May-2023,36.15,36.15,36.45,35.3, 35.60,35.6,35.72,3616,1.29,67, 2188, 60.51,-1.52
NAGREEKEXP, EQ, 17-May-2024,30.6,31.35,31.35,30.3,31.25,31.05,31.08,16819,5.23,147, 13454, 79.99,1.47
NAGREEKEXP, EQ, 17-Jun-2020,12.45,12.45,12.85,11.8,12.2,12.2,12.28,4180,0.51,49, 3855, 92.22,-2.01
NAGREEKEXP, EQ, 17-Jun-2021,30.7,30.7,32.2,29.55, 31.55,31.25,31.7,97635,30.95,523, 57256, 58.64,1.79
NAGREEKEXP, EQ, 17-Jun-2022,36.85,35.55,35.55,35.05,35.05,35.05,35.07,15133,5.31,113, 14148, 93.49,-4.88
NAGREEKEXP, EQ, 17-Jul-2020,12.95,12.35,13.4,12.05, 12.90,12.9,12.82,6108,0.78,51, 4536, 74.26,-0.39
NAGREEKEXP, EQ, 16-Jul-2024,35.18,35.9,35.9,34.85,35.1,35.26,35.12,42085,14.78,785, 17921, 42.58,0.23
NAGREEKEXP, EQ, 17-Aug-2020,15.95,15.85,16.75,15.3, 15.50,15.4,15.65,23345,3.65,127, 19562, 83.80,-3.45
NAGREEKEXP, EQ, 17-Aug-2022,35.4,36.2,36.3,34.5, 35.40,35.0,34.99,12336,4.32,405, 6830, 55.37,-1.13
NAGREEKEXP, EQ, 17-Sep-2020,13.75,14.45,14.45,13.5, 13.90,13.9,14.01,13098,1.84,94, 7035, 53.71,1.09
NAGREEKEXP, EQ, 17-Oct-2022,39.1,37.75,39.65,37.75,38.0,38.25,38.32,12830,4.92,203, 8046, 62.71,-2.17
NAGREEKEXP, EQ, 17-Oct-2023,54.0,54.85,57.65,53.6,54.55,55.0,56.3,70554,39.72,679, 36617, 51.90,1.85
NAGREEKEXP, EQ, 17-Nov-2020,16.4,16.2,16.4,15.05, 15.90,15.55,15.6,24978,3.9,213, 14560, 58.29,-5.18
NAGREEKEXP, EQ, 17-Nov-2021,38.0,39.3,39.3,36.1, 36.10,36.15,36.73,11123,4.09,138, 7867, 70.73,-4.87
NAGREEKEXP, EQ, 17-Nov-2022,33.7,33.05,34.5,32.6, 32.60,32.9,33.12,13484,4.47,176, 9812, 72.77,-2.37
NAGREEKEXP, EQ, 17-Nov-2023,57.95,59.65,59.65,57.0, 58.50,57.85,58.17,31440,18.29,550, 15160, 48.22,-0.17
NAGREEKEXP, EQ, 17-Dec-2020,17.85,17.85,18.7,17.55, 18.10,18.4,18.41,28626,5.27,158, 21995, 76.84,3.08
NAGREEKEXP, EQ, 17-Dec-2021,34.45,34.4,34.4,33.3, 33.50,33.55,33.68,4437,1.49,103, 3055, 68.85,-2.61
NAGREEKEXP, EQ, 18-Jan-2021,19.9,19.4,19.8,19.05, 19.05,19.2,19.41,8746,1.7,146, 7050, 80.61,-3.52
NAGREEKEXP, EQ, 18-Jan-2022,44.1,45.45,46.0,43.15, 44.00,44.1,44.82,43867,19.66,454, 27603, 62.92,0.0
NAGREEKEXP, EQ, 18-Jan-2023,38.25,39.0,39.6,38.3,38.5,38.55,39.1,3505,1.37,48, 1865, 53.21,0.78
NAGREEKEXP, EQ, 18-Feb-2020,13.1,13.75,13.75,12.6, 12.85,12.85,12.81,3962,0.51,52, 3002, 75.77,-1.91
NAGREEKEXP, EQ, 18-Feb-2021,16.85,16.45,17.65,16.45,17.45,17.45,17.31,16144,2.8,82, 12617, 78.15,3.56
NAGREEKEXP, EQ, 18-Feb-2022,42.1,42.1,42.1,39.1,39.1,39.8,40.13,21644,8.68,335, 15219, 70.32,-5.46
NAGREEKEXP, EQ, 18-Feb-2025,32.87,31.95,35.7,30.6,32.0,31.36,32.58,51488,16.77,774, 15944, 30.97,-4.59
NAGREEKEXP, EQ, 18-Mar-2020,9.5,9.5,9.5,9.05, 9.40,9.1,9.23,350,0.03,9, 347, 99.14,-4.21
NAGREEKEXP, EQ, 18-Mar-2021,17.05,17.0,17.35,16.3, 16.30,16.5,16.79,1962,0.33,33, 1592, 81.14,-3.23
NAGREEKEXP, EQ, 18-Mar-2024,31.45,33.1,37.7,33.1, 37.70,37.7,37.31,74078,27.64,298, 51174, 69.08,19.87
NAGREEKEXP, EQ, 18-Mar-2025,26.06,26.8,26.8,24.22,25.9,25.89,25.91,16166,4.19,235, 12826, 79.34,-0.65
NAGREEKEXP, EQ, 18-Apr-2022,62.45,62.95,68.65,58.5, 63.50,63.6,66.46,571573,379.88,5746, 209302, 36.62,1.84
NAGREEKEXP, EQ, 18-Apr-2023,33.2,33.35,33.9,32.0, 32.35,32.35,32.63,14334,4.68,201, 9284, 64.77,-2.56
NAGREEKEXP, EQ, 18-Apr-2024,32.95,33.1,34.55,33.1, 33.40,33.6,33.86,54797,18.56,429, 39732, 72.51,1.97
NAGREEKEXP, EQ, 18-May-2020,10.0,9.8,9.8,9.8, 9.80,9.8,9.8,100,0.01,1, 100, 100.00,-2.0
NAGREEKEXP, EQ, 18-May-2021,20.7,21.0,21.2,20.1, 20.50,20.4,20.75,14602,3.03,134, 10271, 70.34,-1.45
NAGREEKEXP, EQ, 18-May-2022,50.2,52.35,52.7,50.95,52.7,52.7,52.05,40764,21.22,306, 29801, 73.11,4.98
NAGREEKEXP, EQ, 18-May-2023,35.6,36.0,36.0,34.6, 34.80,34.95,35.09,7505,2.63,117, 6302, 83.97,-1.83
NAGREEKEXP, EQ, 18-Jun-2020,12.2,12.0,12.8,12.0,12.45,12.45,12.24,5811,0.71,24, 4841, 83.31,2.05
NAGREEKEXP, EQ, 18-Jun-2021,31.25,31.3,31.85,29.7, 30.80,31.2,30.6,52204,15.97,461, 26550, 50.86,-0.16
NAGREEKEXP, EQ, 18-Jun-2024,31.29,31.3,31.96,31.02,31.24,31.71,31.5,20413,6.43,283, 14334, 70.22,1.34
NAGREEKEXP, EQ, 18-Jul-2022,32.7,33.75,33.75,31.8,31.9,32.25,32.41,42753,13.85,509, 28144, 65.83,-1.38
NAGREEKEXP, EQ, 18-Jul-2024,35.26,35.95,38.78,34.86,38.78,38.78,37.6,347410,130.64,2368, 230242, 66.27,9.98
NAGREEKEXP, EQ, 18-Aug-2020,15.4,15.2,16.25,14.8,15.0,15.05,15.16,25847,3.92,104, 20536, 79.45,-2.27
NAGREEKEXP, EQ, 18-Aug-2022,35.0,35.0,36.55,35.0,36.55,36.55,35.88,29203,10.48,370, 21345, 73.09,4.43
NAGREEKEXP, EQ, 18-Sep-2020,13.9,14.85,14.85,13.55, 13.60,13.55,13.6,1219,0.17,29, 990, 81.21,-2.52
NAGREEKEXP, EQ, 18-Sep-2023,42.8,46.5,46.5,43.4, 44.00,43.75,44.45,10885,4.84,181, 7353, 67.55,2.22
NAGREEKEXP, EQ, 18-Oct-2021,32.85,31.45,34.45,31.45, 33.85,33.7,32.56,24365,7.93,181, 14593, 59.89,2.59
NAGREEKEXP, EQ, 18-Oct-2022,38.25,38.0,39.3,37.55,37.55,37.75,38.1,15497,5.9,336, 8107, 52.31,-1.31
NAGREEKEXP, EQ, 18-Oct-2023,55.0,54.2,56.2,53.5, 55.15,54.95,55.38,82079,45.46,1787, 17773, 21.65,-0.09
NAGREEKEXP, EQ, 18-Nov-2020,15.55,15.55,16.1,15.1, 15.55,15.7,15.55,17252,2.68,137, 11060, 64.11,0.96
NAGREEKEXP, EQ, 18-Nov-2021,36.15,36.0,36.0,34.35,35.45,35.35,34.73,16087,5.59,173, 11478, 71.35,-2.21
NAGREEKEXP, EQ, 18-Nov-2022,32.9,32.7,33.5,32.4, 32.50,32.55,32.7,8119,2.65,113, 4863, 59.90,-1.06
NAGREEKEXP, EQ, 18-Dec-2020,18.4,18.9,19.9,17.1, 18.30,18.35,18.41,7673,1.41,85, 6199, 80.79,-0.27
NAGREEKEXP, EQ, 19-Jan-2021,19.2,19.9,20.15,19.55, 19.70,19.85,19.95,7942,1.58,79, 7011, 88.28,3.39
NAGREEKEXP, EQ, 19-Jan-2022,44.1,43.1,46.3,42.7, 46.30,46.0,44.49,34672,15.43,313, 22770, 65.67,4.31
NAGREEKEXP, EQ, 19-Jan-2023,38.55,38.8,38.8,38.0, 38.65,38.15,38.49,4173,1.61,57, 2240, 53.68,-1.04
NAGREEKEXP, EQ, 19-Feb-2020,12.85,13.0,13.45,12.85, 13.45,13.45,13.22,8069,1.07,127, 7312, 90.62,4.67
NAGREEKEXP, EQ, 19-Feb-2021,17.45,17.0,17.25,16.8,17.25,16.9,16.84,3869,0.65,26, 3499, 90.44,-3.15
NAGREEKEXP, EQ, 19-Feb-2025,31.36,31.1,33.12,30.3,32.39,32.13,32.11,22854,7.34,353, 12209, 53.42,2.46
NAGREEKEXP, EQ, 19-Mar-2020,9.1,8.65,9.5,8.65, 8.80,8.8,8.83,2747,0.24,44, 2350, 85.55,-3.3
NAGREEKEXP, EQ, 19-Mar-2021,16.5,15.95,17.3,15.95,16.3,16.3,16.72,2874,0.48,69, 1636, 56.92,-1.21
NAGREEKEXP, EQ, 19-Mar-2024,37.7,42.0,45.2,41.05, 45.20,45.2,44.75,729257,326.37,2425, 224728, 30.82,19.89
NAGREEKEXP, EQ, 19-Mar-2025,25.89,26.97,27.0,26.22,27.0,26.71,26.78,20504,5.49,402, 15294, 74.59,3.17
NAGREEKEXP, EQ, 19-Apr-2021,16.5,15.95,16.6,15.3,16.35,16.4,16.37,3941,0.65,54, 3213, 81.53,-0.61
NAGREEKEXP, EQ, 19-Apr-2022,63.6,64.25,69.95,64.0,67.2,65.7,67.17,369008,247.85,3234, 163236, 44.24,3.3
NAGREEKEXP, EQ, 19-Apr-2023,32.35,32.0,33.6,32.0, 32.70,32.75,32.97,3802,1.25,90, 2270, 59.71,1.24
NAGREEKEXP, EQ, 19-Apr-2024,33.6,33.3,33.3,32.2, 32.30,32.6,32.74,31168,10.21,275, 21424, 68.74,-2.98
NAGREEKEXP, EQ, 19-May-2020,9.8,9.5,10.3,9.3,9.9,9.9,9.56,911,0.09,18, 698, 76.62,1.02
NAGREEKEXP, EQ, 19-May-2021,20.4,21.05,21.05,19.65, 20.75,20.55,20.4,8112,1.66,213, 6050, 74.58,0.74
NAGREEKEXP, EQ, 19-May-2022,52.7,54.0,54.25,50.3,51.85,51.45,52.86,31227,16.51,355, 16717, 53.53,-2.37
NAGREEKEXP, EQ, 19-May-2023,34.95,36.0,37.0,35.1,36.5,36.5,36.17,8198,2.97,111, 6622, 80.78,4.43
NAGREEKEXP, EQ, 19-Jun-2020,12.45,13.2,13.2,12.45, 12.45,12.7,12.81,2448,0.31,32, 2184, 89.22,2.01
NAGREEKEXP, EQ, 19-Jun-2024,31.71,32.13,32.13,31.25,32.12,32.05,31.8,20666,6.57,277, 16331, 79.02,1.07
NAGREEKEXP, EQ, 19-Jul-2021,33.55,32.0,35.2,32.0, 34.10,34.45,34.63,49959,17.3,421, 32697, 65.45,2.68
NAGREEKEXP, EQ, 19-Jul-2022,32.25,31.65,33.7,31.55, 33.45,33.4,32.84,33941,11.15,431, 19005, 55.99,3.57
NAGREEKEXP, EQ, 19-Jul-2024,38.78,40.0,42.65,37.01,38.79,37.94,40.02,589756,236.02,5438, 255362, 43.30,-2.17
NAGREEKEXP, EQ, 19-Aug-2020,15.05,15.05,15.35,14.25,14.85,14.95,14.78,23839,3.52,179, 15055, 63.15,-0.66
NAGREEKEXP, EQ, 19-Aug-2022,36.55,36.55,39.5,35.75, 36.55,37.3,37.61,37670,14.17,523, 21698, 57.60,2.05
NAGREEKEXP, EQ, 19-Aug-2024,39.78,40.99,45.55,40.11,43.7,43.93,43.73,1106367,483.87,9019, 417990, 37.78,10.43
NAGREEKEXP, EQ, 19-Sep-2022,35.9,36.2,36.7,35.55, 36.25,35.75,36.18,18408,6.66,199, 12548, 68.17,-0.42
NAGREEKEXP, EQ, 19-Oct-2020,13.5,13.45,14.8,13.4, 13.40,13.85,13.83,2696,0.37,28, 2130, 79.01,2.59
NAGREEKEXP, EQ, 19-Oct-2021,33.7,32.55,34.3,32.05,32.05,32.35,32.73,22404,7.33,377, 15026, 67.07,-4.01
NAGREEKEXP, EQ, 19-Oct-2022,37.75,38.05,38.35,36.0, 36.45,36.4,37.03,28522,10.56,353, 21254, 74.52,-3.58
NAGREEKEXP, EQ, 19-Oct-2023,54.95,55.85,55.85,53.3,55.5,54.4,54.79,38310,20.99,894, 4872, 12.72,-1.0
NAGREEKEXP, EQ, 19-Nov-2020,15.7,16.0,16.0,15.3, 15.75,15.35,15.61,21361,3.33,95, 16706, 78.21,-2.23
NAGREEKEXP, EQ, 19-Dec-2022,45.05,45.0,45.75,43.5,44.4,43.9,44.09,33361,14.71,307, 23373, 70.06,-2.55
NAGREEKEXP, EQ, 20-Jan-2020,17.2,18.0,18.0,16.9, 17.30,17.5,17.43,7082,1.23,50, 5837, 82.42,1.74
NAGREEKEXP, EQ, 20-Jan-2021,19.85,19.9,20.6,19.7, 20.00,19.95,20.45,11312,2.31,63, 9548, 84.41,0.5
NAGREEKEXP, EQ, 20-Jan-2022,46.0,47.85,48.3,45.5, 48.30,48.3,47.85,81724,39.11,484, 43277, 52.96,5.0
NAGREEKEXP, EQ, 20-Jan-2023,38.15,37.95,39.35,37.95,38.6,38.55,38.43,2157,0.83,67, 1287, 59.67,1.05
NAGREEKEXP, EQ, 20-Jan-2025,38.53,41.15,43.5,37.83,38.29,38.54,41.25,230085,94.91,2112, 96326, 41.87,0.03
NAGREEKEXP, EQ, 20-Feb-2020,13.45,13.55,13.95,13.55, 13.75,13.7,13.9,2043,0.28,30, 2036, 99.66,1.86
NAGREEKEXP, EQ, 20-Feb-2023,34.55,34.45,35.55,34.1, 34.15,34.25,34.59,3975,1.37,84, 1890, 47.55,-0.87
NAGREEKEXP, EQ, 20-Feb-2025,32.13,33.99,33.99,31.49,32.5,32.21,32.22,4163,1.34,189, 2299, 55.22,0.25
NAGREEKEXP, EQ, 20-Mar-2020,8.8,8.55,8.95,8.4, 8.75,8.8,8.67,1505,0.13,31, 1253, 83.26,0.0
NAGREEKEXP, EQ, 20-Mar-2023,32.75,34.75,34.75,31.6,31.6,32.15,32.32,5952,1.92,85, 4098, 68.85,-1.83
NAGREEKEXP, EQ, 20-Mar-2024,45.2,48.9,49.7,42.5, 43.15,43.6,47.13,1836901,865.65,9754, 329708, 17.95,-3.54
NAGREEKEXP, EQ, 20-Mar-2025,26.71,27.97,27.97,26.52,26.93,26.99,27.0,19394,5.24,334, 13927, 71.81,1.05
NAGREEKEXP, EQ, 20-Apr-2020,9.9,10.65,10.65,9.5, 9.50,9.7,10.07,5020,0.51,31, 3823, 76.16,-2.02
NAGREEKEXP, EQ, 20-Apr-2021,16.4,16.4,16.85,16.1,16.1,16.3,16.41,31,0.01,12, 14, 45.16,-0.61
NAGREEKEXP, EQ, 20-Apr-2022,65.7,68.9,72.25,64.1, 71.00,71.65,70.51,515530,363.51,3909, 170620, 33.10,9.06
NAGREEKEXP, EQ, 20-Apr-2023,32.75,33.65,34.15,32.5, 33.60,33.6,33.5,6213,2.08,81, 4603, 74.09,2.6
NAGREEKEXP, EQ, 20-May-2020,9.9,9.15,10.25,9.15, 9.85,9.85,9.86,308,0.03,8, 296, 96.10,-0.51
NAGREEKEXP, EQ, 20-May-2021,20.55,19.7,21.0,19.35, 19.70,19.85,19.76,19820,3.92,91, 15631, 78.86,-3.41
NAGREEKEXP, EQ, 20-May-2022,51.45,52.9,52.9,50.5, 50.50,51.5,51.82,11078,5.74,174, 7379, 66.61,0.1
NAGREEKEXP, EQ, 18-May-2024,31.05,30.65,31.4,30.05,30.7,30.75,30.66,7856,2.41,72, 5173, 65.85,-0.97
NAGREEKEXP, EQ, 20-Jun-2022,35.05,36.75,36.75,33.3,33.3,33.3,33.62,9553,3.21,107, 7937, 83.08,-4.99
NAGREEKEXP, EQ, 20-Jun-2024,32.05,32.01,32.6,31.66,32.4,32.07,32.2,46296,14.91,488, 32300, 69.77,0.06
NAGREEKEXP, EQ, 20-Jul-2020,12.9,12.9,12.9,12.45, 12.90,12.9,12.77,2768,0.35,18, 2568, 92.77,0.0
NAGREEKEXP, EQ, 20-Jul-2021,34.45,36.15,36.15,33.0, 33.50,33.4,33.99,17303,5.88,166, 9617, 55.58,-3.05
NAGREEKEXP, EQ, 20-Jul-2022,33.4,34.3,34.3,33.5, 33.95,33.8,33.94,21969,7.46,333, 13649, 62.13,1.2
NAGREEKEXP, EQ, 20-Aug-2020,14.95,14.95,15.3,14.6,15.2,15.2,15.02,8885,1.33,88, 6755, 76.03,1.67
NAGREEKEXP, EQ, 20-Aug-2024,43.93,45.7,47.5,44.5,45.21,45.18,45.97,440739,202.59,4937, 220680, 50.07,2.85
NAGREEKEXP, EQ, 20-Sep-2022,35.75,36.65,36.65,34.8, 35.10,35.35,35.63,32424,11.55,659, 18388, 56.71,-1.12
NAGREEKEXP, EQ, 20-Sep-2023,43.75,43.6,45.0,43.05, 43.50,43.9,43.91,9392,4.12,202, 6265, 66.71,0.34
NAGREEKEXP, EQ, 20-Oct-2020,13.85,13.65,14.0,13.6, 13.60,13.6,13.91,1289,0.18,14, 1097, 85.10,-1.81
NAGREEKEXP, EQ, 20-Oct-2021,32.35,32.9,32.9,31.5, 31.50,31.55,31.74,6513,2.07,81, 4490, 68.94,-2.47
NAGREEKEXP, EQ, 20-Oct-2022,36.4,35.3,37.4,35.15,36.9,36.75,36.79,8995,3.31,217, 5066, 56.32,0.96
NAGREEKEXP, EQ, 20-Oct-2023,54.4,55.4,56.25,53.35, 54.45,54.3,54.94,43559,23.93,824, 20829, 47.82,-0.18
NAGREEKEXP, EQ, 20-Nov-2020,15.35,15.45,16.35,15.1,15.25,15.15,15.47,20397,3.15,170, 13643, 66.89,-1.3
NAGREEKEXP, EQ, 20-Nov-2023,57.85,58.3,58.35,56.55, 56.55,57.0,57.22,37614,21.52,717, 18640, 49.56,-1.47
NAGREEKEXP, EQ, 20-Dec-2021,33.55,32.6,34.95,31.9,31.9,31.9,33.06,15782,5.22,424, 9029, 57.21,-4.92
NAGREEKEXP, EQ, 20-Dec-2022,43.9,44.35,44.8,43.4,44.3,43.7,43.85,13981,6.13,157, 9649, 69.02,-0.46
NAGREEKEXP, EQ, 21-Jan-2020,17.5,16.4,17.8,16.3, 17.00,17.6,17.05,12031,2.05,95, 4470, 37.15,0.57
NAGREEKEXP, EQ, 21-Jan-2021,19.95,19.7,20.9,19.5, 20.30,20.45,20.52,31229,6.41,202, 17233, 55.18,2.51
NAGREEKEXP, EQ, 21-Jan-2022,48.3,48.9,50.7,46.5, 47.00,47.9,49.69,110281,54.8,822, 70128, 63.59,-0.83
NAGREEKEXP, EQ, 21-Jan-2025,38.54,41.01,41.01,37.96,38.99,38.59,39.14,62019,24.28,803, 30263, 48.80,0.13
NAGREEKEXP, EQ, 21-Feb-2022,39.8,41.75,41.75,37.85, 39.70,39.45,38.75,31956,12.38,341, 23702, 74.17,-0.88
NAGREEKEXP, EQ, 21-Feb-2023,34.25,34.25,34.55,33.5, 33.50,33.6,33.81,1506,0.51,50, 910, 60.42,-1.9
NAGREEKEXP, EQ, 21-Feb-2025,32.21,33.54,34.0,30.9,31.24,31.15,31.9,15689,5.0,221, 13165, 83.91,-3.29
NAGREEKEXP, EQ, 21-Mar-2022,36.55,37.95,37.95,35.25,37.0,36.95,36.43,16399,5.97,724, 8163, 49.78,1.09
NAGREEKEXP, EQ, 21-Mar-2023,32.15,32.85,32.85,31.45, 31.70,31.95,32.06,4479,1.44,129, 1911, 42.67,-0.62
NAGREEKEXP, EQ, 21-Mar-2024,43.6,44.1,45.5,40.6,41.25,41.9,42.48,211159,89.69,1802, 84351, 39.95,-3.9
NAGREEKEXP, EQ, 21-Mar-2025,26.99,27.71,27.96,26.91,27.36,27.39,27.47,30900,8.49,711, 16951, 54.86,1.48
NAGREEKEXP, EQ, 21-Apr-2020,9.7,9.9,10.15,9.3,9.3,9.35,9.61,2816,0.27,62, 1649, 58.56,-3.61
NAGREEKEXP, EQ, 21-Apr-2022,71.65,72.85,77.4,68.1, 71.85,71.7,71.83,319342,229.38,4929, 132438, 41.47,0.07
NAGREEKEXP, EQ, 21-Apr-2023,33.6,33.6,33.95,32.85, 32.95,32.9,33.15,1703,0.56,38, 1346, 79.04,-2.08
NAGREEKEXP, EQ, 21-Apr-2025,27.61,28.42,28.42,26.51,27.52,27.5,27.31,26122,7.13,521, 14041, 53.75,-0.4
NAGREEKEXP, EQ, 21-May-2020,9.85,9.9,10.2,9.6,9.75,9.75,9.84,2941,0.29,16, 2787, 94.76,-1.02
NAGREEKEXP, EQ, 21-May-2021,19.85,19.3,21.8,19.15, 21.00,21.0,21.26,110431,23.47,552, 37356, 33.83,5.79
NAGREEKEXP, EQ, 21-May-2024,30.75,31.4,31.4,30.1,30.85,31.0,30.89,27882,8.61,201, 22946, 82.30,0.81
NAGREEKEXP, EQ, 21-Jun-2021,31.2,29.7,32.5,29.65, 32.00,31.8,31.1,32398,10.08,157, 21786, 67.24,1.92
NAGREEKEXP, EQ, 21-Jun-2022,33.3,32.0,32.9,31.65,32.05,32.3,32.08,20503,6.58,308, 13061, 63.70,-3.0
NAGREEKEXP, EQ, 21-Jun-2024,32.07,32.88,32.88,31.56,31.89,31.93,32.32,37310,12.06,487, 22916, 61.42,-0.44
NAGREEKEXP, EQ, 21-Jul-2020,12.9,13.35,13.95,13.0, 13.50,13.5,13.46,12943,1.74,121, 6686, 51.66,4.65
NAGREEKEXP, EQ, 21-Jul-2022,33.8,34.65,35.4,32.3,34.55,34.1,34.12,28750,9.81,396, 9666, 33.62,0.89
NAGREEKEXP, EQ, 21-Aug-2020,15.2,15.3,15.8,15.15, 15.80,15.45,15.37,8188,1.26,50, 7999, 97.69,1.64
NAGREEKEXP, EQ, 21-Aug-2024,45.18,45.17,45.17,43.5,44.0,43.87,44.02,114769,50.53,1890, 66948, 58.33,-2.9
NAGREEKEXP, EQ, 21-Sep-2020,13.55,13.35,13.35,13.2, 13.30,13.25,13.34,3210,0.43,19, 3110, 96.88,-2.21
NAGREEKEXP, EQ, 21-Sep-2022,35.35,36.0,36.0,34.55, 35.00,35.3,35.29,20683,7.3,413, 7222, 34.92,-0.14
NAGREEKEXP, EQ, 21-Sep-2023,43.9,43.45,48.25,43.45, 48.25,48.25,47.49,139586,66.28,933, 92206, 66.06,9.91
NAGREEKEXP, EQ, 21-Oct-2020,13.6,13.5,14.6,13.4, 13.45,13.5,13.9,1425,0.2,35, 1104, 77.47,-0.74
NAGREEKEXP, EQ, 21-Oct-2021,31.55,31.15,31.9,30.5, 30.60,30.65,30.84,16216,5.0,261, 10057, 62.02,-2.85
NAGREEKEXP, EQ, 21-Oct-2022,36.75,36.3,37.5,36.3,36.8,36.85,36.85,5332,1.96,110, 4397, 82.46,0.27
NAGREEKEXP, EQ, 21-Nov-2022,32.55,32.55,39.0,32.5, 34.65,34.85,35.56,58569,20.83,888, 25697, 43.87,7.07
NAGREEKEXP, EQ, 21-Nov-2023,57.0,58.4,58.45,54.3, 55.25,56.45,56.96,64937,36.99,1554, 11052, 17.02,-0.96
NAGREEKEXP, EQ, 21-Dec-2020,18.35,18.7,19.0,17.15, 17.25,17.85,18.36,34387,6.31,213, 23128, 67.26,-2.72
NAGREEKEXP, EQ, 21-Dec-2021,31.9,30.65,32.75,30.65,32.3,32.15,32.18,5081,1.63,69, 3070, 60.42,0.78
NAGREEKEXP, EQ, 21-Dec-2022,43.7,45.05,46.0,41.85, 42.50,42.35,43.73,19417,8.49,283, 7570, 38.99,-3.09
NAGREEKEXP, EQ, 22-Jan-2020,17.6,17.0,17.6,16.75, 17.25,17.0,16.95,5448,0.92,43, 4993, 91.65,-3.41
NAGREEKEXP, EQ, 22-Jan-2021,20.45,20.85,20.9,19.55, 20.30,20.3,20.15,13080,2.64,131, 8767, 67.03,-0.73
NAGREEKEXP, EQ, 22-Jan-2025,38.59,38.59,39.59,38.01,38.9,38.6,38.5,48254,18.58,1087, 25768, 53.40,0.03
NAGREEKEXP, EQ, 22-Feb-2021,16.9,17.25,17.35,16.3,16.6,17.15,17.14,3447,0.59,49, 2890, 83.84,1.48
NAGREEKEXP, EQ, 22-Feb-2022,39.45,37.75,39.0,36.4,37.0,37.0,37.33,10476,3.91,125, 8101, 77.33,-6.21
NAGREEKEXP, EQ, 22-Feb-2023,33.6,33.3,33.5,32.15, 32.25,32.3,32.6,4731,1.54,126, 2785, 58.87,-3.87
NAGREEKEXP, EQ, 22-Mar-2021,16.3,15.7,17.1,15.7,17.1,17.1,17.04,6377,1.09,91, 3788, 59.40,4.91
NAGREEKEXP, EQ, 22-Mar-2022,36.95,34.7,37.45,34.7, 37.10,37.2,36.9,13172,4.86,654, 3304, 25.08,0.68
NAGREEKEXP, EQ, 22-Mar-2023,31.95,33.65,33.65,31.6, 31.80,31.85,32.05,3395,1.09,77, 2358, 69.46,-0.31
NAGREEKEXP, EQ, 22-Mar-2024,41.9,37.75,37.75,37.75,37.75,37.75,37.75,64381,24.3,309, 64381, 100.00,-9.9
NAGREEKEXP, EQ, 22-Apr-2020,9.35,9.85,9.9,9.35,9.35,9.5,9.8,420,0.04,9, 420, 100.00,1.6
NAGREEKEXP, EQ, 22-Apr-2021,16.3,16.35,17.25,16.05,16.2,16.3,16.39,1134,0.19,23, 962, 84.83,0.0
NAGREEKEXP, EQ, 22-Apr-2022,71.7,71.7,73.0,69.0, 69.10,69.95,71.19,122368,87.11,1102, 74558, 60.93,-2.44
NAGREEKEXP, EQ, 22-Apr-2024,32.6,33.8,33.8,32.4,32.6,32.6,32.85,33752,11.09,301, 22342, 66.19,0.0
NAGREEKEXP, EQ, 22-Apr-2025,27.5,27.99,27.99,27.0,27.1,27.29,27.39,13189,3.61,401, 8178, 62.01,-0.76
NAGREEKEXP, EQ, 22-May-2020,9.75,9.75,10.1,9.4,9.95,9.95,9.8,3517,0.34,30, 1320, 37.53,2.05
NAGREEKEXP, EQ, 22-May-2023,36.5,37.7,37.7,35.2,35.55,35.55,35.82,1334,0.48,55, 700, 52.47,-2.6
NAGREEKEXP, EQ, 22-May-2024,31.0,30.75,31.35,30.75,31.05,31.05,31.05,11298,3.51,144, 9273, 82.08,0.16
NAGREEKEXP, EQ, 22-Jun-2020,12.7,12.65,13.95,12.65, 13.95,13.9,13.61,31837,4.33,205, 26123, 82.05,9.45
NAGREEKEXP, EQ, 22-Jun-2021,31.8,32.2,33.35,31.0, 32.90,32.6,33.09,149298,49.4,733, 118007, 79.04,2.52
NAGREEKEXP, EQ, 22-Jun-2022,32.3,33.8,33.8,30.9,31.75,31.6,31.8,21601,6.87,251, 12785, 59.19,-2.17
NAGREEKEXP, EQ, 22-Jul-2020,13.5,14.2,14.2,12.4, 13.00,12.95,12.91,9865,1.27,82, 7125, 72.23,-4.07
NAGREEKEXP, EQ, 22-Jul-2021,33.4,34.0,34.05,31.75, 31.75,31.9,32.49,22855,7.43,319, 14078, 61.60,-4.49
NAGREEKEXP, EQ, 22-Jul-2022,34.1,34.75,35.45,34.05, 35.35,35.35,34.87,28530,9.95,372, 9159, 32.10,3.67
NAGREEKEXP, EQ, 22-Jul-2024,37.94,37.5,39.9,36.95,37.1,37.16,38.13,104587,39.88,1585, 51070, 48.83,-2.06
NAGREEKEXP, EQ, 22-Aug-2022,37.3,37.3,37.4,35.4, 35.70,35.75,36.29,13184,4.78,157, 10151, 76.99,-4.16
NAGREEKEXP, EQ, 22-Aug-2024,43.87,44.21,44.7,41.6,42.85,42.22,42.89,122021,52.34,2158, 70636, 57.89,-3.76
NAGREEKEXP, EQ, 22-Sep-2020,13.25,12.6,14.1,12.25, 13.05,13.05,12.77,3109,0.4,35, 2726, 87.68,-1.51
NAGREEKEXP, EQ, 22-Sep-2022,35.3,36.9,38.0,35.6, 36.40,36.15,36.21,19095,6.91,497, 6810, 35.66,2.41
NAGREEKEXP, EQ, 22-Sep-2023,48.25,50.4,53.05,48.5, 53.05,53.05,51.52,221167,113.95,1113, 109187, 49.37,9.95
NAGREEKEXP, EQ, 22-Oct-2020,13.5,14.0,14.0,13.5, 13.50,13.5,13.73,567,0.08,18, 352, 62.08,0.0
NAGREEKEXP, EQ, 22-Oct-2021,30.65,31.65,32.15,29.55, 30.75,30.3,31.27,18733,5.86,233, 10846, 57.90,-1.14
NAGREEKEXP, EQ, 22-Nov-2021,35.35,36.8,36.8,33.6,33.6,33.6,34.07,7844,2.67,144, 6259, 79.79,-4.95
NAGREEKEXP, EQ, 22-Nov-2022,34.85,34.85,34.85,32.5, 33.60,33.6,33.65,23167,7.8,184, 15216, 65.68,-3.59
NAGREEKEXP, EQ, 22-Nov-2023,56.45,56.9,59.3,55.6, 56.85,56.6,57.67,121773,70.23,1965, 36760, 30.19,0.27
NAGREEKEXP, EQ, 22-Dec-2020,17.85,17.3,18.1,16.35, 18.00,17.8,17.44,6792,1.18,91, 4988, 73.44,-0.28
NAGREEKEXP, EQ, 22-Dec-2021,32.15,33.15,33.45,31.1, 32.70,32.85,32.58,7543,2.46,93, 3451, 45.75,2.18
NAGREEKEXP, EQ, 22-Dec-2022,42.35,41.55,41.85,38.55, 38.55,39.2,40.0,32819,13.13,367, 21427, 65.29,-7.44
NAGREEKEXP, EQ, 23-Jan-2020,17.0,17.25,17.35,16.2, 16.50,16.5,16.82,3401,0.57,64, 3099, 91.12,-2.94
NAGREEKEXP, EQ, 23-Jan-2023,38.55,39.95,40.55,38.45,39.3,39.15,39.4,13605,5.36,164, 8479, 62.32,1.56
NAGREEKEXP, EQ, 23-Jan-2025,38.6,38.16,41.89,38.16,38.51,38.57,39.77,80256,31.92,1370, 31436, 39.17,-0.08
NAGREEKEXP, EQ, 23-Feb-2021,17.15,16.8,17.6,16.8, 16.95,17.4,17.39,2143,0.37,25, 1095, 51.10,1.46
NAGREEKEXP, EQ, 23-Feb-2022,37.0,38.15,38.95,37.7,38.05,38.45,38.19,6419,2.45,110, 5345, 83.27,3.92
NAGREEKEXP, EQ, 23-Feb-2023,32.3,35.75,35.75,32.9,34.0,33.8,33.8,6263,2.12,98, 2299, 36.71,4.64
NAGREEKEXP, EQ, 23-Mar-2020,8.8,8.4,9.2,8.4, 8.40,8.4,8.91,4630,0.41,18, 3422, 73.91,-4.55
NAGREEKEXP, EQ, 23-Mar-2021,17.1,16.8,17.75,16.6, 17.70,17.45,16.95,3443,0.58,61, 2167, 62.94,2.05
NAGREEKEXP, EQ, 23-Mar-2022,37.2,37.2,39.0,36.3, 38.70,38.7,38.0,21329,8.11,717, 11698, 54.85,4.03
NAGREEKEXP, EQ, 23-Mar-2023,31.85,32.7,33.9,31.65, 33.25,32.5,32.75,14272,4.67,229, 6538, 45.81,2.04
NAGREEKEXP, EQ, 23-Apr-2020,9.5,9.2,9.75,9.15,9.3,9.65,9.32,750,0.07,12, 730, 97.33,1.58
NAGREEKEXP, EQ, 23-Apr-2021,16.3,17.3,17.9,16.6,16.8,17.05,17.38,11356,1.97,101, 7881, 69.40,4.6
NAGREEKEXP, EQ, 23-Apr-2024,32.6,32.6,33.45,32.6,33.2,33.3,33.12,24836,8.22,200, 21380, 86.08,2.15
NAGREEKEXP, EQ, 23-Apr-2025,27.29,28.94,28.94,27.01,27.1,27.25,27.43,26694,7.32,234, 20397, 76.41,-0.15
NAGREEKEXP, EQ, 23-May-2022,51.5,51.5,51.55,49.6,51.0,50.6,50.88,23176,11.79,237, 18749, 80.90,-1.75
NAGREEKEXP, EQ, 23-May-2023,35.55,35.55,36.2,35.55, 35.55,35.55,35.72,2735,0.98,44, 1454, 53.16,0.0
NAGREEKEXP, EQ, 23-May-2024,31.05,31.3,31.4,30.85,31.0,30.9,31.08,8425,2.62,110, 7149, 84.85,-0.48
NAGREEKEXP, EQ, 23-Jun-2020,13.9,14.8,15.25,13.15, 15.25,15.15,14.48,42370,6.13,150, 27110, 63.98,8.99
NAGREEKEXP, EQ, 23-Jun-2021,32.6,33.85,34.1,31.3, 31.30,31.7,32.87,65955,21.68,591, 39024, 59.17,-2.76
NAGREEKEXP, EQ, 23-Jun-2022,31.6,32.65,32.65,30.1,30.1,30.2,31.03,20290,6.3,213, 13009, 64.12,-4.43
NAGREEKEXP, EQ, 23-Jul-2020,12.95,13.0,13.5,12.7, 12.75,13.1,12.95,751,0.1,13, 475, 63.25,1.16
NAGREEKEXP, EQ, 23-Jul-2021,31.9,32.0,32.9,31.15,31.85,31.4,32.01,19196,6.15,249, 9531, 49.65,-1.57
NAGREEKEXP, EQ, 23-Jul-2024,37.16,36.6,40.87,36.6,40.87,40.87,40.23,539152,216.93,2713, 274982, 51.00,9.98
NAGREEKEXP, EQ, 23-Aug-2022,35.75,35.05,39.3,33.55, 39.30,38.65,38.41,77992,29.96,682, 41414, 53.10,8.11
NAGREEKEXP, EQ, 23-Aug-2024,42.22,42.9,50.66,42.01,50.66,50.11,48.35,1581513,764.71,9845, 628522, 39.74,18.69
NAGREEKEXP, EQ, 23-Sep-2020,13.05,13.05,13.35,13.0, 13.30,13.3,13.05,520,0.07,8, 480, 92.31,1.92
NAGREEKEXP, EQ, 23-Sep-2022,36.15,36.25,36.55,35.4, 35.90,35.65,35.9,7070,2.54,224, 1579, 22.33,-1.38
NAGREEKEXP, EQ, 23-Oct-2020,13.5,13.3,14.7,13.3, 13.95,13.85,13.86,2218,0.31,28, 1612, 72.68,2.59
NAGREEKEXP, EQ, 23-Oct-2023,54.3,53.05,54.95,51.3, 51.40,51.55,52.81,39194,20.7,1242, 10969, 27.99,-5.06
NAGREEKEXP, EQ, 23-Nov-2020,15.15,15.3,15.85,14.6, 15.20,15.25,15.35,11960,1.84,99, 7364, 61.57,0.66
NAGREEKEXP, EQ, 23-Nov-2021,33.6,32.5,35.25,32.5,35.25,35.2,34.36,12528,4.31,157, 8459, 67.52,4.76
NAGREEKEXP, EQ, 23-Nov-2022,33.6,32.2,34.5,32.2,33.75,33.95,33.92,3137,1.06,85, 2046, 65.22,1.04
NAGREEKEXP, EQ, 23-Nov-2023,56.6,56.9,58.5,56.65, 58.15,57.8,57.5,18146,10.43,233, 9716, 53.54,2.12
NAGREEKEXP, EQ, 23-Dec-2020,17.8,17.4,18.2,17.4,18.2,18.0,17.97,5473,0.98,36, 5101, 93.20,1.12
NAGREEKEXP, EQ, 23-Dec-2021,32.85,33.5,33.8,32.6, 33.50,33.55,33.13,6980,2.31,80, 4894, 70.11,2.13
NAGREEKEXP, EQ, 23-Dec-2022,39.2,39.2,39.2,35.1, 35.80,35.75,37.25,19408,7.23,264, 12507, 64.44,-8.8
NAGREEKEXP, EQ, 24-Jan-2020,16.5,16.5,17.05,16.25,17.05,16.85,16.78,5801,0.97,42, 5183, 89.35,2.12
NAGREEKEXP, EQ, 24-Jan-2022,47.9,47.0,47.25,45.55,45.55,45.55,45.9,29227,13.42,225, 22681, 77.60,-4.91
NAGREEKEXP, EQ, 24-Jan-2023,39.15,39.95,39.95,38.05,38.25,38.5,38.71,2654,1.03,54, 1744, 65.71,-1.66
NAGREEKEXP, EQ, 24-Jan-2025,38.57,38.3,39.59,38.11,38.11,38.13,38.65,27659,10.69,915, 8626, 31.19,-1.14
NAGREEKEXP, EQ, 24-Feb-2020,13.7,13.35,13.8,13.35, 13.80,13.8,13.53,356,0.05,8, 352, 98.88,0.73
NAGREEKEXP, EQ, 24-Feb-2021,17.4,16.85,18.25,16.75, 18.15,18.1,17.97,6230,1.12,46, 4985, 80.02,4.02
NAGREEKEXP, EQ, 24-Feb-2022,38.45,39.35,39.35,34.65, 34.65,34.85,35.56,23549,8.38,413, 14583, 61.93,-9.36
NAGREEKEXP, EQ, 24-Feb-2023,33.8,33.8,35.75,32.55, 35.20,34.5,34.43,31649,10.9,358, 7722, 24.40,2.07
NAGREEKEXP, EQ, 24-Feb-2025,31.15,32.49,32.49,30.41,30.51,30.58,30.75,7704,2.37,163, 5039, 65.41,-1.83
NAGREEKEXP, EQ, 24-Mar-2020,8.4,8.4,8.5,8.4, 8.50,8.5,8.48,1002,0.09,4, 1002, 100.00,1.19
NAGREEKEXP, EQ, 24-Mar-2021,17.45,17.0,17.45,16.65, 17.40,17.0,16.88,3207,0.54,40, 2017, 62.89,-2.58
NAGREEKEXP, EQ, 24-Mar-2022,38.7,38.95,38.95,37.7, 37.90,37.9,38.13,19440,7.41,1067, 2855, 14.69,-2.07
NAGREEKEXP, EQ, 24-Mar-2023,32.5,32.0,33.25,30.6, 30.70,31.35,32.08,8928,2.86,146, 7043, 78.89,-3.54
NAGREEKEXP, EQ, 24-Mar-2025,27.39,27.98,32.84,27.0,31.0,30.99,31.38,269318,84.51,1552, 94038, 34.92,13.14
NAGREEKEXP, EQ, 24-Apr-2020,9.65,10.4,10.5,9.1,9.65,9.6,9.62,4661,0.45,55, 3458, 74.19,-0.52
NAGREEKEXP, EQ, 24-Apr-2023,32.9,33.3,33.9,32.8, 33.60,33.55,33.66,1470,0.49,45, 1004, 68.30,1.98
NAGREEKEXP, EQ, 24-Apr-2024,33.3,32.9,33.8,32.9, 33.65,33.25,33.45,18021,6.03,200, 14980, 83.13,-0.15
NAGREEKEXP, EQ, 24-Apr-2025,27.25,28.38,28.38,27.21,27.39,27.57,27.46,14809,4.07,245, 11818, 79.80,1.17
NAGREEKEXP, EQ, 24-May-2021,21.0,22.0,22.4,20.8, 21.25,21.15,21.41,30609,6.55,266, 12106, 39.55,0.71
NAGREEKEXP, EQ, 24-May-2022,50.6,51.5,52.0,48.1,48.1,48.1,49.59,22974,11.39,214, 10517, 45.78,-4.94
NAGREEKEXP, EQ, 24-May-2023,35.55,35.6,36.55,35.6, 36.00,36.0,36.01,1487,0.54,30, 878, 59.05,1.27
NAGREEKEXP, EQ, 24-May-2024,30.9,30.9,31.4,30.7,31.2,30.8,30.98,10460,3.24,144, 8137, 77.79,-0.32
NAGREEKEXP, EQ, 24-Jun-2020,15.15,16.0,16.0,14.15,14.4,14.5,14.87,7947,1.18,89, 5112, 64.33,-4.29
NAGREEKEXP, EQ, 24-Jun-2021,31.7,33.2,33.2,30.65, 31.35,31.05,31.35,21245,6.66,221, 11587, 54.54,-2.05
NAGREEKEXP, EQ, 24-Jun-2022,30.2,30.3,31.7,30.2, 30.65,30.8,31.21,20765,6.48,281, 7394, 35.61,1.99
NAGREEKEXP, EQ, 24-Jun-2024,31.93,32.14,32.7,31.82,32.42,32.39,32.43,24145,7.83,265, 16738, 69.32,1.44
NAGREEKEXP, EQ, 24-Jul-2020,13.1,12.8,13.3,12.25,12.25,12.65,12.69,9556,1.21,59, 7065, 73.93,-3.44
NAGREEKEXP, EQ, 24-Jul-2024,40.87,42.9,42.9,39.0,40.2,40.27,40.5,341256,138.21,4331, 185813, 54.45,-1.47
NAGREEKEXP, EQ, 24-Aug-2020,15.45,15.8,16.4,15.4,15.65,15.75,15.76,10658,1.68,95, 9180, 86.13,1.94
NAGREEKEXP, EQ, 24-Aug-2022,38.65,39.5,41.35,37.05,38.3,38.8,39.75,49414,19.64,511, 32808, 66.39,0.39
NAGREEKEXP, EQ, 24-Sep-2020,13.3,13.0,13.7,12.55, 12.90,12.9,13.47,13847,1.86,48, 8085, 58.39,-3.01
NAGREEKEXP, EQ, 24-Nov-2020,15.25,15.05,15.2,14.9, 15.00,15.0,15.02,10839,1.63,80, 7962, 73.46,-1.64
NAGREEKEXP, EQ, 24-Nov-2021,35.2,36.4,36.9,34.2, 34.20,35.35,35.82,15709,5.63,259, 10388, 66.13,0.43
NAGREEKEXP, EQ, 24-Nov-2022,33.95,34.5,40.7,34.05, 39.75,40.0,39.49,515381,203.54,3420, 156305, 30.33,17.82
NAGREEKEXP, EQ, 24-Nov-2023,57.8,58.9,58.9,57.9, 57.90,58.05,58.24,25688,14.96,226, 22333, 86.94,0.43
NAGREEKEXP, EQ, 24-Dec-2020,18.0,17.65,19.0,17.6, 18.25,18.5,18.76,34201,6.42,162, 28768, 84.11,2.78
NAGREEKEXP, EQ, 24-Dec-2021,33.55,33.2,35.2,33.0, 35.20,34.6,34.16,6139,2.1,84, 4606, 75.03,3.13
NAGREEKEXP, EQ, 25-Jan-2021,20.3,20.3,20.45,19.35, 19.35,19.35,19.66,6850,1.35,57, 5484, 80.06,-4.68
NAGREEKEXP, EQ, 25-Jan-2022,45.55,43.7,44.9,43.3,43.3,43.75,43.86,34265,15.03,303, 24172, 70.54,-3.95
NAGREEKEXP, EQ, 25-Jan-2023,38.5,37.85,38.45,37.5, 37.50,37.6,37.78,7478,2.83,88, 5939, 79.42,-2.34
NAGREEKEXP, EQ, 25-Feb-2020,13.8,13.6,13.85,13.25, 13.50,13.25,13.37,6573,0.88,35, 4785, 72.80,-3.99
NAGREEKEXP, EQ, 25-Feb-2021,18.1,17.6,18.15,17.2, 17.55,17.85,17.69,6919,1.22,68, 3076, 44.46,-1.38
NAGREEKEXP, EQ, 25-Feb-2022,34.85,35.05,36.65,33.55,34.0,34.15,34.83,26694,9.3,289, 18728, 70.16,-2.01
NAGREEKEXP, EQ, 25-Feb-2025,30.58,30.58,31.0,30.1,30.1,30.21,30.72,10688,3.28,274, 7865, 73.59,-1.21
NAGREEKEXP, EQ, 25-Mar-2020,8.5,8.5,8.65,8.1, 8.60,8.6,8.56,2600,0.22,6, 2500, 96.15,1.18
NAGREEKEXP, EQ, 25-Mar-2021,17.0,17.15,17.3,16.25,16.25,16.6,16.68,1644,0.27,38, 1455, 88.50,-2.35
NAGREEKEXP, EQ, 25-Mar-2022,37.9,39.7,39.7,37.15,38.75,38.1,38.29,8754,3.35,539, 1619, 18.49,0.53
NAGREEKEXP, EQ, 25-Mar-2025,30.99,31.98,32.0,26.6,26.6,27.01,28.23,106576,30.09,1493, 68655, 64.42,-12.84
NAGREEKEXP, EQ, 25-Apr-2022,69.95,68.0,68.0,63.2,66.65,65.7,65.7,91789,60.31,1192, 50264, 54.76,-6.08
NAGREEKEXP, EQ, 25-Apr-2023,33.55,33.2,33.7,33.0,33.45,33.25,33.3,4913,1.64,70, 3401, 69.22,-0.89
NAGREEKEXP, EQ, 25-Apr-2024,33.25,33.65,34.4,32.7, 33.90,33.5,33.65,24651,8.29,240, 18232, 73.96,0.75
NAGREEKEXP, EQ, 25-Apr-2025,27.57,27.44,27.68,26.02,26.23,26.41,26.56,17724,4.71,343, 11409, 64.37,-4.21
NAGREEKEXP, EQ, 25-May-2021,21.15,21.2,21.2,19.55, 20.50,20.45,20.17,9272,1.87,147, 4690, 50.58,-3.31
NAGREEKEXP, EQ, 25-May-2022,48.1,49.8,49.9,45.7, 45.70,45.7,46.83,15696,7.35,203, 10555, 67.25,-4.99
NAGREEKEXP, EQ, 25-May-2023,36.0,36.05,36.9,36.05, 36.70,36.35,36.37,7531,2.74,71, 6588, 87.48,0.97
NAGREEKEXP, EQ, 25-Jun-2020,14.5,15.0,15.75,13.25, 14.30,14.3,14.52,9340,1.36,57, 4737, 50.72,-1.38
NAGREEKEXP, EQ, 25-Jun-2021,31.05,30.6,31.75,30.05, 30.40,30.5,30.78,14546,4.48,152, 8444, 58.05,-1.77
NAGREEKEXP, EQ, 25-Jun-2024,32.39,32.4,33.0,32.1,32.53,32.54,32.61,36911,12.04,518, 22295, 60.40,0.46
NAGREEKEXP, EQ, 25-Jul-2022,35.35,34.5,37.0,34.5, 36.90,36.25,35.92,38823,13.94,659, 12598, 32.45,2.55
NAGREEKEXP, EQ, 25-Jul-2024,40.27,40.16,41.0,38.9,39.1,39.22,39.62,119472,47.33,2012, 56866, 47.60,-2.61
NAGREEKEXP, EQ, 25-Aug-2020,15.75,15.75,16.8,15.5, 15.60,15.65,15.9,9345,1.49,142, 4940, 52.86,-0.63
NAGREEKEXP, EQ, 25-Aug-2022,38.8,38.5,40.95,37.35,38.6,38.7,39.61,41566,16.46,549, 17187, 41.35,-0.26
NAGREEKEXP, EQ, 25-Sep-2020,12.9,12.7,13.5,12.45, 13.50,13.4,13.29,2848,0.38,27, 2662, 93.47,3.88
NAGREEKEXP, EQ, 25-Sep-2023,53.05,53.9,57.85,48.1, 49.45,49.3,53.71,225022,120.87,2693, 111609, 49.60,-7.07
NAGREEKEXP, EQ, 25-Oct-2021,30.3,30.3,31.2,29.15, 29.20,29.4,29.78,11808,3.52,163, 5856, 49.59,-2.97
NAGREEKEXP, EQ, 25-Oct-2022,36.9,36.75,37.75,36.15,36.4,36.45,36.93,7183,2.65,286, 3199, 44.54,-1.22
NAGREEKEXP, EQ, 25-Oct-2023,51.55,52.8,53.3,48.1,48.2,48.25,50.14,41493,20.8,1048, 11550, 27.84,-6.4
NAGREEKEXP, EQ, 25-Nov-2020,15.0,16.0,16.0,14.35, 14.95,14.8,14.9,2299,0.34,58, 1530, 66.55,-1.33
NAGREEKEXP, EQ, 25-Nov-2021,35.35,34.0,36.75,34.0,36.7,36.35,35.73,12328,4.4,240, 7480, 60.67,2.83
NAGREEKEXP, EQ, 25-Nov-2022,40.0,40.05,40.4,37.3,39.1,39.1,39.01,235416,91.85,2576, 68116, 28.93,-2.25
NAGREEKEXP, EQ, 26-Feb-2020,13.25,13.5,13.7,12.9, 13.70,13.7,13.32,2760,0.37,36, 2220, 80.43,3.4
NAGREEKEXP, EQ, 26-Feb-2021,17.85,17.35,17.7,17.15,17.7,17.7,17.47,2129,0.37,23, 1160, 54.49,-0.84
NAGREEKEXP, EQ, 26-Mar-2020,8.6,8.2,8.9,8.2, 8.90,8.9,8.62,455,0.04,5, 300, 65.93,3.49
NAGREEKEXP, EQ, 26-Mar-2021,16.6,16.25,16.7,16.2,16.35,16.35,16.38,1148,0.19,42, 880, 76.66,-1.51
NAGREEKEXP, EQ, 26-Mar-2024,37.75,34.0,34.0,34.0,34.0,34.0,34.0,63234,21.5,324, 63234, 100.00,-9.93
NAGREEKEXP, EQ, 26-Mar-2025,27.01,27.3,27.89,24.71,24.84,25.14,26.03,150222,39.1,1696, 94890, 63.17,-6.92
NAGREEKEXP, EQ, 26-Apr-2021,17.05,16.35,17.25,16.35, 17.25,17.25,16.79,2518,0.42,33, 2384, 94.68,1.17
NAGREEKEXP, EQ, 26-Apr-2022,65.7,67.0,72.25,67.0, 72.00,70.65,71.45,237260,169.52,1962, 99879, 42.10,7.53
NAGREEKEXP, EQ, 26-Apr-2023,33.25,32.65,37.1,32.65, 35.00,34.95,35.22,38645,13.61,242, 21439, 55.48,5.11
NAGREEKEXP, EQ, 26-Apr-2024,33.5,33.2,34.0,33.2, 33.95,33.9,33.64,43784,14.73,212, 39749, 90.78,1.19
NAGREEKEXP, EQ, 26-May-2020,9.95,10.85,10.85,9.6, 10.00,10.0,9.77,1890,0.18,20, 1565, 82.80,0.5
NAGREEKEXP, EQ, 26-May-2021,20.45,20.1,22.0,19.2, 20.10,20.1,20.33,12763,2.59,176, 6945, 54.42,-1.71
NAGREEKEXP, EQ, 26-May-2022,45.7,46.0,46.45,43.45,43.8,43.45,43.71,22963,10.04,189, 19837, 86.39,-4.92
NAGREEKEXP, EQ, 26-May-2023,36.35,36.9,36.95,36.05,36.6,36.6,36.66,4094,1.5,50, 3391, 82.83,0.69
NAGREEKEXP, EQ, 26-Jun-2020,14.3,14.3,14.7,13.6, 14.15,13.95,13.98,4020,0.56,38, 3695, 91.92,-2.45
NAGREEKEXP, EQ, 26-Jun-2024,32.54,32.89,34.79,32.64,34.67,34.56,34.0,104746,35.61,1081, 68505, 65.40,6.21
NAGREEKEXP, EQ, 26-Jul-2021,31.4,31.45,32.95,31.45,32.95,32.9,32.54,43838,14.26,263, 36554, 83.38,4.78
NAGREEKEXP, EQ, 26-Jul-2022,36.25,36.9,37.7,34.5,34.5,35.1,36.04,29308,10.56,429, 15499, 52.88,-3.17
NAGREEKEXP, EQ, 26-Jul-2024,39.22,39.1,39.81,38.56, 38.65,38.79,39.09,100393,39.25,1585, 51248, 51.05,-1.1
NAGREEKEXP, EQ, 26-Aug-2020,15.65,15.6,16.25,15.2, 15.90,15.9,15.81,7159,1.13,72, 5694, 79.54,1.6
NAGREEKEXP, EQ, 26-Aug-2022,38.7,39.5,40.6,38.7,40.5,40.05,39.51,25012,9.88,545, 11461, 45.82,3.49
NAGREEKEXP, EQ, 26-Aug-2024,50.11,53.0,58.75,52.2,57.42,57.67,56.51,3103983,1754.13,19274, 1010391, 32.55,15.09
NAGREEKEXP, EQ, 26-Sep-2022,35.65,35.4,35.5,33.3,33.5,33.5,33.98,20171,6.85,583, 9695, 48.06,-6.03
NAGREEKEXP, EQ, 26-Sep-2023,49.3,48.45,50.85,48.45, 49.50,50.15,50.0,37439,18.72,402, 14977, 40.00,1.72
NAGREEKEXP, EQ, 26-Oct-2020,13.85,13.0,14.5,13.0,13.7,13.75,13.92,1944,0.27,40, 1102, 56.69,-0.72
NAGREEKEXP, EQ, 26-Oct-2021,29.4,29.6,30.45,29.35, 29.95,30.0,29.98,4119,1.23,68, 2576, 62.54,2.04
NAGREEKEXP, EQ, 26-Oct-2023,48.25,48.0,52.4,46.95, 52.40,49.5,48.04,33037,15.87,1094, 9699, 29.36,2.59
NAGREEKEXP, EQ, 26-Nov-2020,14.8,14.4,15.5,14.4, 15.00,15.0,14.92,9111,1.36,63, 3606, 39.58,1.35
NAGREEKEXP, EQ, 26-Nov-2021,36.35,36.35,36.35,34.55, 34.55,34.65,34.92,11493,4.01,151, 9403, 81.82,-4.68
NAGREEKEXP, EQ, 26-Dec-2022,35.75,37.65,42.9,37.45,39.5,39.25,40.68,55671,22.65,577, 27174, 48.81,9.79
NAGREEKEXP, EQ, 27-Jan-2020,16.85,16.3,17.25,16.2, 17.00,16.95,16.68,3611,0.6,74, 2802, 77.60,0.59
NAGREEKEXP, EQ, 27-Jan-2021,19.35,19.35,19.35,18.4, 18.50,18.5,18.7,6542,1.22,98, 5089, 77.79,-4.39
NAGREEKEXP, EQ, 27-Jan-2022,43.75,42.3,43.45,42.0, 43.45,43.25,42.75,17748,7.59,301, 9988, 56.28,-1.14
NAGREEKEXP, EQ, 27-Jan-2023,37.6,37.55,38.35,35.25, 36.25,36.0,36.31,9574,3.48,111, 6792, 70.94,-4.26
NAGREEKEXP, EQ, 27-Jan-2025,38.13,36.5,40.0,35.61,36.6,37.42,37.22,73264,27.27,1168, 27305, 37.27,-1.86
NAGREEKEXP, EQ, 27-Feb-2020,13.7,13.15,13.45,13.05, 13.40,13.25,13.18,476,0.06,13, 340, 71.43,-3.28
NAGREEKEXP, EQ, 27-Feb-2023,34.5,34.4,34.45,31.0, 31.20,31.5,32.17,15689,5.05,229, 9901, 63.11,-8.7
NAGREEKEXP, EQ, 27-Feb-2025,30.21,30.21,30.81,28.0,28.55,28.45,28.97,11814,3.42,358, 7350, 62.21,-5.83
NAGREEKEXP, EQ, 27-Mar-2020,8.9,8.9,9.25,8.9, 9.00,9.0,9.02,2675,0.24,5, 2674, 99.96,1.12
NAGREEKEXP, EQ, 27-Mar-2023,31.35,31.35,31.35,30.0, 31.30,30.85,30.69,7532,2.31,170, 5155, 68.44,-1.59
NAGREEKEXP, EQ, 27-Mar-2024,34.0,32.3,32.3,32.3, 32.30,32.3,32.3,68213,22.03,264, 68213, 100.00,-5.0
NAGREEKEXP, EQ, 27-Mar-2025,25.14,25.14,26.16,24.4,25.12,24.64,25.05,85381,21.39,859, 59088, 69.21,-1.99
NAGREEKEXP, EQ, 27-Apr-2020,9.6,10.0,10.0,9.05, 9.20,9.35,9.47,3615,0.34,38, 2209, 61.11,-2.6
NAGREEKEXP, EQ, 27-Apr-2021,17.25,16.9,17.25,16.7,16.8,17.0,16.96,4609,0.78,42, 3328, 72.21,-1.45
NAGREEKEXP, EQ, 27-Apr-2022,70.65,74.35,75.0,66.1,67.8,67.25,70.86,189904,134.56,2413, 109437, 57.63,-4.81
NAGREEKEXP, EQ, 27-Apr-2023,34.95,36.4,36.4,34.25, 35.10,34.7,35.1,4966,1.74,114, 3122, 62.87,-0.72
NAGREEKEXP, EQ, 27-May-2020,10.0,9.95,10.4,9.6,10.1,10.25,10.11,4452,0.45,35, 3126, 70.22,2.5
NAGREEKEXP, EQ, 27-May-2021,20.1,20.85,20.9,19.8, 20.50,20.4,20.1,10426,2.1,51, 8092, 77.61,1.49
NAGREEKEXP, EQ, 27-May-2022,43.45,45.0,45.0,41.3, 41.30,41.3,42.3,37757,15.97,342, 28669, 75.93,-4.95
NAGREEKEXP, EQ, 27-May-2024,30.8,31.3,31.4,30.4,31.4,31.15,30.97,29243,9.06,243, 25402, 86.87,1.14
NAGREEKEXP, EQ, 27-Jun-2022,30.8,32.2,32.3,31.25,32.3,32.1,31.97,8703,2.78,114, 7376, 84.75,4.22
NAGREEKEXP, EQ, 27-Jun-2024,34.56,35.0,36.0,34.1,34.8,34.73,35.04,104625,36.66,1042, 69426, 66.36,0.49
NAGREEKEXP, EQ, 27-Jul-2020,12.65,13.0,13.0,12.25,12.65,12.6,12.51,2221,0.28,31, 1317, 59.30,-0.4
NAGREEKEXP, EQ, 27-Jul-2021,32.9,33.6,34.5,33.3, 34.50,34.5,34.3,44207,15.16,271, 37851, 85.62,4.86
NAGREEKEXP, EQ, 27-Jul-2022,35.1,35.35,36.15,33.55,34.95,34.05,34.99,28058,9.82,384, 7052, 25.13,-2.99
NAGREEKEXP, EQ, 27-Aug-2020,15.9,16.15,16.15,15.35,15.55,15.6,15.67,3341,0.52,58, 2298, 68.78,-1.89
NAGREEKEXP, EQ, 27-Aug-2024,57.67,57.64,57.64,49.71,51.9,51.42,53.08,893111,474.07,8690, 337068, 37.74,-10.84
NAGREEKEXP, EQ, 27-Sep-2022,33.5,34.05,35.35,32.4,34.0,33.4,34.11,7823,2.67,311, 4650, 59.44,-0.3
NAGREEKEXP, EQ, 27-Sep-2023,50.15,52.15,52.15,48.7, 49.90,50.0,50.45,55201,27.85,1024, 19897, 36.04,-0.3
NAGREEKEXP, EQ, 27-Oct-2020,13.75,13.95,14.1,13.2, 13.25,13.3,13.33,1153,0.15,21, 534, 46.31,-3.27
NAGREEKEXP, EQ, 27-Oct-2021,30.0,30.85,31.5,29.8, 31.50,31.5,30.58,12071,3.69,298, 5143, 42.61,5.0
NAGREEKEXP, EQ, 27-Oct-2022,36.45,36.75,37.0,35.2,35.9,35.65,35.78,22635,8.1,368, 17822, 78.74,-2.19
NAGREEKEXP, EQ, 27-Oct-2023,49.5,50.0,53.4,48.1,52.65,52.15,51.43,28676,14.75,1059, 6149, 21.44,5.35
NAGREEKEXP, EQ, 27-Nov-2020,15.0,15.0,15.7,14.65,14.95,14.95,14.97,8845,1.32,75, 7292, 82.44,-0.33
NAGREEKEXP, EQ, 27-Dec-2021,34.6,35.5,36.3,33.65, 36.30,36.3,36.13,13868,5.01,127, 11662, 84.09,4.91
NAGREEKEXP, EQ, 27-Dec-2022,39.25,40.95,40.95,39.15,40.35,40.25,39.99,13824,5.53,108, 8454, 61.15,2.55
NAGREEKEXP, EQ, 28-Jan-2020,16.95,16.2,17.4,16.15, 16.15,16.15,16.25,11501,1.87,57, 8481, 73.74,-4.72
NAGREEKEXP, EQ, 28-Jan-2021,18.5,17.65,18.7,17.6, 18.60,18.3,18.26,5805,1.06,54, 5138, 88.51,-1.08
NAGREEKEXP, EQ, 28-Jan-2022,43.25,42.7,45.4,42.7, 45.25,45.25,44.85,12981,5.82,266, 7453, 57.41,4.62
NAGREEKEXP, EQ, 28-Jan-2025,37.42,37.1,37.59,35.01,35.17,35.5,36.08,22844,8.24,446, 11655, 51.02,-5.13
NAGREEKEXP, EQ, 28-Feb-2020,13.25,13.25,13.25,12.6, 12.65,12.65,12.63,1951,0.25,15, 1849, 94.77,-4.53
NAGREEKEXP, EQ, 28-Feb-2022,34.15,33.5,36.65,33.0, 35.45,35.45,34.41,7842,2.7,193, 4402, 56.13,3.81
NAGREEKEXP, EQ, 28-Feb-2023,31.5,30.9,32.75,30.05, 30.15,30.8,31.45,4455,1.4,130, 3444, 77.31,-2.22
NAGREEKEXP, EQ, 28-Feb-2025,28.45,29.4,29.4,26.49,27.06,27.14,27.88,20511,5.72,425, 16002, 78.02,-4.6
NAGREEKEXP, EQ, 28-Mar-2022,38.1,37.5,38.85,36.35, 37.50,37.2,37.68,10592,3.99,657, 4358, 41.14,-2.36
NAGREEKEXP, EQ, 28-Mar-2023,30.85,30.5,30.8,28.3, 28.50,28.6,29.46,16780,4.94,335, 8423, 50.20,-7.29
NAGREEKEXP, EQ, 28-Mar-2024,32.3,31.05,33.9,30.7,33.9,33.9,32.15,658243,211.62,2788, 296576, 45.06,4.95
NAGREEKEXP, EQ, 28-Mar-2025,24.64,25.12,25.64,24.0,24.45,24.22,24.64,71597,17.64,489, 49591, 69.26,-1.7
NAGREEKEXP, EQ, 28-Apr-2020,9.35,9.7,9.8,8.9, 8.90,9.1,9.25,2680,0.25,33, 1510, 56.34,-2.67
NAGREEKEXP, EQ, 28-Apr-2021,17.0,17.7,17.7,16.75, 16.75,16.9,17.06,1450,0.25,34, 1092, 75.31,-0.59
NAGREEKEXP, EQ, 28-Apr-2022,67.25,69.0,71.2,66.55, 67.85,68.55,69.27,49981,34.62,872, 26509, 53.04,1.93
NAGREEKEXP, EQ, 28-Apr-2023,34.7,35.3,37.5,34.2, 35.85,35.1,35.66,15494,5.52,374, 7900, 50.99,1.15
NAGREEKEXP, EQ, 28-May-2020,10.25,10.1,10.45,9.8,9.9,9.9,9.99,324,0.03,15, 284, 87.65,-3.41
NAGREEKEXP, EQ, 28-May-2021,20.4,21.1,22.4,20.15,22.4,22.4,22.23,73582,16.36,356, 55798, 75.83,9.8
NAGREEKEXP, EQ, 28-May-2024,31.15,31.4,31.6,30.45,31.3,31.1,31.32,33945,10.63,134, 28011, 82.52,-0.16
NAGREEKEXP, EQ, 28-Jun-2021,30.5,30.7,31.35,30.05, 30.60,30.95,30.76,17971,5.53,192, 8476, 47.16,1.48
NAGREEKEXP, EQ, 28-Jun-2022,32.1,33.05,33.7,32.3, 33.00,33.25,33.25,19098,6.35,242, 10843, 56.78,3.58
NAGREEKEXP, EQ, 28-Jun-2024,34.73,34.9,34.99,33.4,34.06,34.03,34.07,39690,13.52,509, 19400, 48.88,-2.02
NAGREEKEXP, EQ, 28-Jul-2020,12.6,12.25,12.3,11.35,11.75,11.95,11.84,13719,1.62,39, 10300, 75.08,-5.16
NAGREEKEXP, EQ, 28-Jul-2021,34.5,34.5,36.2,34.0,36.2,36.0,35.16,72086,25.35,400, 57068, 79.17,4.35
NAGREEKEXP, EQ, 28-Jul-2022,34.05,34.8,35.35,34.4, 34.80,35.0,34.84,15948,5.56,310, 8924, 55.96,2.79
NAGREEKEXP, EQ, 28-Aug-2020,15.6,15.7,15.7,14.3, 15.15,14.9,15.12,10819,1.64,95, 9487, 87.69,-4.49
NAGREEKEXP, EQ, 28-Sep-2020,13.4,13.15,13.7,13.0,13.2,13.25,13.17,4580,0.6,46,3850,84.06,-1.12
NAGREEKEXP, EQ, 28-Sep-2022,33.4,34.3,34.45,33.35,33.35,33.5,33.77,6864,2.32,248, 3366, 49.04,0.3
NAGREEKEXP, EQ, 28-Sep-2023,50.0,50.35,52.2,49.05, 50.90,50.5,51.25,221590,113.56,2930, 18087, 8.16,1.0
NAGREEKEXP, EQ, 28-Oct-2020,13.3,13.25,13.6,12.25, 13.00,13.1,12.79,11352,1.45,241, 9364, 82.49,-1.5
NAGREEKEXP, EQ, 28-Oct-2021,31.5,33.0,33.0,30.65, 32.30,32.45,32.35,6490,2.1,129, 5008, 77.16,3.02
NAGREEKEXP, EQ, 28-Oct-2022,35.65,35.95,36.5,35.45,36.25,36.0,36.04,8542,3.08,285, 2935, 34.36,0.98
NAGREEKEXP, EQ, 28-Nov-2022,39.1,38.85,38.85,36.55, 37.95,37.35,37.73,53198,20.07,830, 28410, 53.40,-4.48
NAGREEKEXP, EQ, 28-Nov-2023,58.05,59.15,59.75,58.1, 59.00,58.8,58.88,43578,25.66,447, 32562, 74.72,1.29
NAGREEKEXP, EQ, 28-Dec-2020,18.5,18.95,19.35,18.15,19.0,19.0,18.68,18715,3.5,153, 14044, 75.04,2.7
NAGREEKEXP, EQ, 28-Dec-2021,36.3,37.4,38.1,37.0,38.1,38.1,37.87,7388,2.8,54, 7174, 97.10,4.96
NAGREEKEXP, EQ, 28-Dec-2022,40.25,41.8,42.05,39.65, 40.25,40.4,41.31,24642,10.18,203, 15991, 64.89,0.37
NAGREEKEXP, EQ, 29-Jan-2020,16.15,16.55,16.55,15.55, 15.70,15.6,15.68,2071,0.32,48, 1831, 88.41,-3.41
NAGREEKEXP, EQ, 29-Jan-2021,18.3,18.3,18.85,17.6, 17.60,17.95,17.87,4646,0.83,62, 3029, 65.20,-1.91
NAGREEKEXP, EQ, 29-Jan-2025,35.5,35.01,36.9,35.01,36.8,36.47,35.92,43011,15.45,900, 19710, 45.83,2.73
NAGREEKEXP, EQ, 29-Mar-2022,37.2,36.95,38.95,36.85, 37.55,37.55,38.0,17855,6.79,598, 9906, 55.48,0.94
NAGREEKEXP, EQ, 29-Mar-2023,28.6,28.6,30.65,28.6, 29.10,29.2,29.58,5685,1.68,161, 4096, 72.05,2.1
NAGREEKEXP, EQ, 29-Apr-2020,9.1,8.6,9.7,8.6,9.2,9.25,9.43,2273,0.21,27, 1925, 84.69,1.65
NAGREEKEXP, EQ, 29-Apr-2021,16.9,16.8,17.9,16.75, 17.40,17.05,16.99,5672,0.96,60, 4921, 86.76,0.89
NAGREEKEXP, EQ, 29-Apr-2022,68.55,68.35,72.3,67.85,68.25,68.8,70.69,104387,73.79,1317, 48234, 46.21,0.36
NAGREEKEXP, EQ, 29-Apr-2024,33.9,33.8,34.8,33.45, 34.70,34.65,34.35,68111,23.39,491, 60041, 88.15,2.21
NAGREEKEXP, EQ, 29-May-2020,9.9,10.1,10.35,9.3, 9.50,9.5,9.48,8675,0.82,42, 3983, 45.91,-4.04
NAGREEKEXP, EQ, 29-May-2023,36.6,39.0,43.9,37.3, 43.90,43.8,42.31,351267,148.61,2607, 230052, 65.49,19.67
NAGREEKEXP, EQ, 29-May-2024,31.1,31.15,31.35,30.6,30.85,31.05,30.92,10643,3.29,86, 8999, 84.55,-0.16
NAGREEKEXP, EQ, 29-Jun-2020,13.95,14.0,14.8,13.1, 14.50,14.4,14.2,16024,2.28,109, 6506, 40.60,3.23
NAGREEKEXP, EQ, 29-Jun-2021,30.95,30.15,31.05,30.1, 30.10,30.45,30.86,13479,4.16,96, 9290, 68.92,-1.62
NAGREEKEXP, EQ, 29-Jun-2022,33.25,33.9,33.9,31.6, 31.60,31.75,31.95,15527,4.96,183, 11979, 77.15,-4.51
NAGREEKEXP, EQ, 29-Jul-2020,11.95,12.55,12.55,11.6, 11.60,11.65,11.7,1275,0.15,12, 1100, 86.27,-2.51
NAGREEKEXP, EQ, 29-Jul-2021,36.0,37.05,37.8,37.05,37.8,37.8,37.78,21159,7.99,103, 20649, 97.59,5.0
NAGREEKEXP, EQ, 29-Jul-2022,35.0,34.4,36.45,34.4,34.9,35.15,35.24,10812,3.81,286, 3776, 34.92,0.43
NAGREEKEXP, EQ, 29-Jul-2024,38.79,38.71,40.8,38.7,39.0,38.93,39.72,103088,40.95,2121, 41030, 39.80,0.36
NAGREEKEXP, EQ, 29-Aug-2022,40.05,40.05,40.05,36.05, 38.05,38.3,37.72,40447,15.26,818, 14912, 36.87,-4.37
NAGREEKEXP, EQ, 29-Sep-2020,13.25,13.1,13.45,12.8,12.8,13.1,13.04,2456,0.32,41, 2116, 86.16,-1.13
NAGREEKEXP, EQ, 29-Sep-2022,33.5,34.2,34.5,33.45,33.6,33.55,33.77,6441,2.18,141, 3193, 49.57,0.15
NAGREEKEXP, EQ, 29-Sep-2023,50.5,52.3,52.45,49.25, 49.25,50.45,51.21,133661,68.44,2536, 18898, 14.14,-0.1
NAGREEKEXP, EQ, 29-Oct-2020,13.1,12.65,13.35,12.65,12.8,12.85,12.95,1461,0.19,17, 1166, 79.81,-1.91
NAGREEKEXP, EQ, 29-Oct-2021,32.45,31.35,32.1,31.05, 31.20,31.15,31.45,6877,2.16,322, 4785, 69.58,-4.01
NAGREEKEXP, EQ, 29-Nov-2021,34.65,35.35,35.35,32.95, 33.00,33.0,33.47,9271,3.1,183, 4695, 50.64,-4.76
NAGREEKEXP, EQ, 29-Nov-2022,37.35,38.65,44.8,37.5,44.8,44.4,43.86,897320,393.56,4098, 267925, 29.86,18.88
NAGREEKEXP, EQ, 29-Nov-2023,58.8,59.65,59.95,57.3, 57.65,58.2,58.67,59966,35.18,1223, 24019, 40.05,-1.02
NAGREEKEXP, EQ, 29-Dec-2020,19.0,19.0,20.4,18.45,20.35,19.95,19.7,95040,18.72,396, 48448, 50.98,5.0
NAGREEKEXP, EQ, 29-Dec-2021,38.1,39.5,40.0,38.6, 40.00,40.0,39.75,37511,14.91,313, 31831, 84.86,4.99
NAGREEKEXP, EQ, 29-Dec-2022,40.4,40.25,40.7,38.55, 39.50,39.7,39.58,9210,3.65,113, 5180, 56.24,-1.73
NAGREEKEXP, EQ, 30-Jan-2020,15.6,16.05,16.05,15.3, 15.30,15.35,15.48,597,0.09,16, 338, 56.62,-1.6
NAGREEKEXP, EQ, 30-Jan-2023,36.0,35.6,37.0,35.0, 35.00,35.5,35.68,7609,2.71,83, 4641, 60.99,-1.39
NAGREEKEXP, EQ, 30-Jan-2025,36.47,35.8,38.79,35.8,36.0,36.42,36.64,16482,6.04,389, 6564, 39.83,-0.14
NAGREEKEXP, EQ, 30-Mar-2020,9.0,9.0,9.4,8.55, 8.55,8.55,8.87,2731,0.24,34, 2369, 86.74,-5.0
NAGREEKEXP, EQ, 30-Mar-2021,16.35,16.3,16.8,16.0,16.1,16.1,16.32,2733,0.45,38, 2137, 78.19,-1.53
NAGREEKEXP, EQ, 30-Mar-2022,37.55,36.2,39.2,36.2, 37.40,37.2,37.73,7788,2.94,412, 2641, 33.91,-0.93
NAGREEKEXP, EQ, 30-Apr-2020,9.25,8.8,9.95,8.8,9.8,9.7,9.65,6599,0.64,35, 5905, 89.48,4.86
NAGREEKEXP, EQ, 30-Apr-2021,17.05,17.0,17.85,17.0,17.5,17.5,17.67,3333,0.59,18, 3209, 96.28,2.64
NAGREEKEXP, EQ, 30-Apr-2024,34.65,35.15,35.45,33.5, 34.00,34.05,34.62,74069,25.64,432, 58478, 78.95,-1.73
NAGREEKEXP, EQ, 30-May-2022,41.3,40.1,43.35,39.3, 42.90,42.05,41.56,57047,23.71,450, 43782, 76.75,1.82
NAGREEKEXP, EQ, 30-May-2023,43.8,43.95,44.45,40.0, 40.00,40.45,42.46,72830,30.92,976, 45531, 62.52,-7.65
NAGREEKEXP, EQ, 30-May-2024,31.05,31.35,31.5,30.3,30.5,30.6,31.01,12311,3.82,117, 10575, 85.90,-1.45
NAGREEKEXP, EQ, 30-Jun-2020,14.4,14.4,15.0,13.7, 13.90,13.9,14.0,10182,1.43,54, 7252, 71.22,-3.47
NAGREEKEXP, EQ, 30-Jun-2021,30.45,30.15,31.0,29.35, 29.60,29.65,30.11,20378,6.14,184, 11446, 56.17,-2.63
NAGREEKEXP, EQ, 30-Jun-2022,31.75,32.7,33.15,31.6,31.6,32.5,32.67,14289,4.67,166, 9855, 68.97,2.36
NAGREEKEXP, EQ, 30-Jul-2020,11.65,11.4,12.25,11.4, 11.60,11.7,11.56,1545,0.18,13, 1345, 87.06,0.43
NAGREEKEXP, EQ, 30-Jul-2021,37.8,39.65,39.65,39.65, 39.65,39.65,39.65,45364,17.99,130, 44810, 98.78,4.89
NAGREEKEXP, EQ, 30-Jul-2024,38.93,39.9,39.9,38.8,39.34,39.07,39.25,71079,27.9,1212, 40485, 56.96,0.36
NAGREEKEXP, EQ, 30-Aug-2022,38.3,38.6,39.45,37.45, 38.40,38.05,38.7,23474,9.08,437, 9446, 40.24,-0.65
NAGREEKEXP, EQ, 30-Sep-2020,13.1,13.0,13.45,13.0,13.45,13.2,13.08,620,0.08,10, 410, 66.13,0.76
NAGREEKEXP, EQ, 30-Sep-2022,33.55,34.0,35.7,33.5, 33.50,34.25,34.18,15009,5.13,153, 9672, 64.44,2.09
NAGREEKEXP, EQ, 30-Oct-2020,12.85,12.75,13.5,12.75, 13.45,13.45,13.06,428,0.06,7, 273, 63.79,4.67
NAGREEKEXP, EQ, 30-Oct-2023,52.15,51.65,52.45,50.55, 51.40,51.4,51.38,13604,6.99,613, 2740, 20.14,-1.44
NAGREEKEXP, EQ, 30-Nov-2021,33.0,34.25,34.25,31.45,31.45,31.6,32.67,7932,2.59,83, 6067, 76.49,-4.24
NAGREEKEXP, EQ, 30-Nov-2022,44.4,48.0,48.5,45.0,46.5,46.95,46.99,538656,253.14,5005, 183630, 34.09,5.74
NAGREEKEXP, EQ, 30-Nov-2023,58.2,59.05,59.4,56.5, 56.95,56.8,57.39,119561,68.61,2864, 20079, 16.79,-2.41
NAGREEKEXP, EQ, 30-Dec-2020,19.95,21.35,21.35,19.95,20.15,20.25,20.4,55109,11.24,328, 40598, 73.67,1.5
NAGREEKEXP, EQ, 30-Dec-2021,40.0,41.65,42.0,38.15, 40.10,39.75,40.58,40079,16.26,476, 25722, 64.18,-0.62
NAGREEKEXP, EQ, 30-Dec-2022,39.7,39.7,41.2,38.95,39.7,39.95,40.13,16093,6.46,184, 8934, 55.51,0.63
NAGREEKEXP, EQ, 31-Jan-2020,15.35,15.0,15.8,14.85, 14.85,15.1,15.1,1426,0.22,83, 821, 57.57,-1.63
NAGREEKEXP, EQ, 31-Jan-2022,45.25,47.25,47.5,43.75,45.75,45.05,45.8,33979,15.56,510, 22268, 65.53,-0.44
NAGREEKEXP, EQ, 31-Jan-2023,35.5,35.75,36.2,35.25,35.5,35.5,35.63,2323,0.83,54, 1963, 84.50,0.0
NAGREEKEXP, EQ, 31-Jan-2025,36.42,36.12,37.69,35.51,36.5,36.58,36.68,22516,8.26,630, 9324, 41.41,0.44
NAGREEKEXP, EQ, 31-Mar-2020,8.55,8.45,8.95,8.45,8.5,8.5,8.93,262,0.02,6, 262, 100.00,-0.58
NAGREEKEXP, EQ, 31-Mar-2021,16.1,16.15,16.15,15.3, 15.30,15.3,15.49,3088,0.48,55, 2597, 84.10,-4.97
NAGREEKEXP, EQ, 31-Mar-2022,37.2,36.2,38.2,36.2, 36.65,37.0,37.54,11762,4.41,748, 2714, 23.07,-0.54
NAGREEKEXP, EQ, 31-Mar-2023,29.2,31.8,34.15,30.95, 31.40,31.65,32.38,34558,11.19,467, 17319, 50.12,8.39
NAGREEKEXP, EQ, 31-May-2021,22.4,23.8,24.5,22.4, 23.25,23.4,23.78,56480,13.43,492, 41748, 73.92,4.46
NAGREEKEXP, EQ, 31-May-2022,42.05,42.8,43.0,39.95, 39.95,39.95,40.68,55212,22.46,380, 34039, 61.65,-4.99
NAGREEKEXP, EQ, 31-May-2023,40.45,43.4,43.4,41.3, 42.40,42.1,42.43,42876,18.19,341, 27331, 63.74,4.08
NAGREEKEXP, EQ, 31-May-2024,30.6,30.25,31.3,30.05,30.05,30.1,30.43,28478,8.67,273, 20774, 72.95,-1.63
NAGREEKEXP, EQ, 31-Jul-2020,11.7,11.9,11.9,11.2,11.85,11.35,11.56,2910,0.34,17, 2857, 98.18,-2.99
NAGREEKEXP, EQ, 31-Jul-2024,39.07,39.89,41.0,38.9,39.4,39.56,39.83,109378,43.57,1425, 53880, 49.26,1.25
NAGREEKEXP, EQ, 31-Aug-2020,14.9,15.0,15.7,14.1, 14.70,14.5,14.74,8920,1.31,90, 6329, 70.95,-2.68
NAGREEKEXP, EQ, 31-Oct-2022,36.0,36.85,36.9,34.55,35.2,35.1,35.54,18113,6.44,382, 8362, 46.17,-2.5
NAGREEKEXP, EQ, 31-Oct-2023,51.4,52.55,52.8,50.5, 50.50,51.0,51.26,10335,5.3,518, 5194, 50.26,-0.78
NAGREEKEXP, EQ, 31-Dec-2020,20.25,20.1,22.25,20.1,22.25,22.25,21.55,50024,10.78,353, 33683, 67.33,9.88
NAGREEKEXP, EQ, 31-Dec-2021,39.75,38.75,41.7,38.25,41.1,41.25,40.09,25389,10.18,473, 16460, 64.83,3.77
