SYMBOL, SERIES, DATE1, PREV_CLOSE, OPEN_PRICE, HIGH_PRICE, LOW_PRICE, LAST_PRICE, CLOSE_PRICE, AVG_PRICE, TTL_TRD_QNTY, TURNOVER_LACS, NO_OF_TRADES, DELIV_QTY, DELIV_PER,PER_CHANGE
PRINCEPIPE, EQ, 01-Jan-2020,152.45,153.05,159.5,152.4, 155.85,155.85,155.81,3114230,4852.15,38149, 583271, 18.73,2.23
PRINCEPIPE, EQ, 01-Jan-2021,298.2,300.9,308.9,298.8, 305.50,305.45,304.94,305103,930.37,6736, 139051, 45.58,2.43
PRINCEPIPE, EQ, 01-Jan-2024,742.75,747.0,758.65,734.05, 748.00,751.6,750.83,364598,2737.49,16758, 121000, 33.19,1.19
PRINCEPIPE, EQ, 01-Jan-2025,429.3,429.9,433.0,427.0,431.2,429.8,430.29,113596,488.79,7541, 47773, 42.06,0.12
PRINCEPIPE, EQ, 01-Feb-2021,294.95,304.4,308.0,293.85, 304.95,305.3,300.22,204907,615.18,5770, 71102, 34.70,3.51
PRINCEPIPE, EQ, 01-Feb-2022,678.55,681.0,687.7,672.6,678.0,676.0,676.91,315218,2133.73,14306, 225405, 71.51,-0.38
PRINCEPIPE, EQ, 01-Feb-2023,622.7,624.9,632.65,601.8, 610.00,611.05,618.13,149349,923.17,14280, 57614, 38.58,-1.87
PRINCEPIPE, EQ, 01-Feb-2024,710.6,710.55,710.55,698.25, 700.85,702.15,701.67,70292,493.22,6974, 36515, 51.95,-1.19
PRINCEPIPE, EQ, 01-Mar-2021,401.75,405.65,407.0,398.55, 402.00,401.05,402.02,93097,374.27,4302, 49192, 52.84,-0.17
PRINCEPIPE, EQ, 01-Mar-2023,552.45,552.45,568.25,552.45, 567.90,565.9,561.83,66895,375.84,6147, 24425, 36.51,2.43
PRINCEPIPE, EQ, 01-Mar-2024,573.45,575.35,579.8,567.15, 572.20,570.9,571.39,167457,956.84,16590, 85106, 50.82,-0.44
PRINCEPIPE, EQ, 01-Apr-2020,102.65,103.0,108.9,98.85,101.1,101.8,102.96,91164,93.87,2146, 39944, 43.82,-0.83
PRINCEPIPE, EQ, 01-Apr-2021,417.45,424.9,434.85,420.45, 428.90,427.5,428.04,332351,1422.59,8953, 167867, 50.51,2.41
PRINCEPIPE, EQ, 01-Apr-2022,634.25,635.0,664.0,635.0, 648.00,648.2,651.9,335242,2185.45,20220, 150270, 44.82,2.2
PRINCEPIPE, EQ, 01-Apr-2024,549.25,557.95,573.6,551.05, 572.70,571.65,564.84,112166,633.55,9118, 52193, 46.53,4.08
PRINCEPIPE, EQ, 01-Apr-2025,245.25,243.0,265.5,242.0,262.01,263.48,259.93,832196,2163.1,37421, 189668, 22.79,7.43
PRINCEPIPE, EQ, 01-Jun-2020,78.0,83.9,85.8,80.0, 85.40,84.9,84.91,568197,482.43,6573, 338691, 59.61,8.85
PRINCEPIPE, EQ, 01-Jun-2021,725.05,726.9,730.85,700.0, 716.00,711.3,715.15,313658,2243.14,16603, 159345, 50.80,-1.9
PRINCEPIPE, EQ, 01-Jun-2022,629.55,633.0,641.0,629.1,639.2,639.0,635.38,115190,731.89,8252, 44618, 38.73,1.5
PRINCEPIPE, EQ, 01-Jun-2023,630.55,632.1,642.35,632.0, 639.95,638.95,638.2,191899,1224.7,7355, 90274, 47.04,1.33
PRINCEPIPE, EQ, 01-Jul-2020,108.85,110.0,110.95,105.5, 110.80,110.5,108.38,175091,189.76,2975, 85394, 48.77,1.52
PRINCEPIPE, EQ, 01-Jul-2021,718.4,722.8,750.0,722.8, 735.00,734.75,737.99,899657,6639.39,43078, 363770, 40.43,2.28
PRINCEPIPE, EQ, 01-Jul-2022,598.15,593.15,603.0,590.15,594.5,592.95,595.63,51385,306.06,4888, 19726, 38.39,-0.87
PRINCEPIPE, EQ, 01-Jul-2024,674.3,683.0,692.5,678.75,691.0,683.4,686.95,190656,1309.71,11504, 95095, 49.88,1.35
PRINCEPIPE, EQ, 01-Aug-2022,604.6,610.0,615.0,602.0, 613.20,612.1,611.05,141278,863.28,10324, 70642, 50.00,1.24
PRINCEPIPE, EQ, 01-Aug-2023,655.2,658.55,663.7,648.0, 651.20,650.25,650.95,691929,4504.13,9493, 601627, 86.95,-0.76
PRINCEPIPE, EQ, 01-Aug-2024,673.55,680.3,680.3,641.05,648.0,645.9,659.78,361167,2382.89,27677, 100949, 27.95,-4.11
PRINCEPIPE, EQ, 01-Sep-2020,191.0,190.0,190.4,177.0, 184.30,184.25,183.03,337116,617.02,6394, 141934, 42.10,-3.53
PRINCEPIPE, EQ, 01-Sep-2021,661.8,666.75,667.85,642.15,652.45,651.85,652.49,273266,1783.04,15052, 106026, 38.80,-1.5
PRINCEPIPE, EQ, 01-Sep-2022,587.25,584.95,593.5,584.0,590.05,588.95,589.21,72230,425.59,6049, 34078, 47.18,0.29
PRINCEPIPE, EQ, 01-Sep-2023,716.45,718.0,730.85,716.9, 728.00,727.4,725.98,325275,2361.45,12456, 175398, 53.92,1.53
PRINCEPIPE, EQ, 01-Oct-2020,249.7,251.9,255.0,245.0, 247.00,245.95,250.38,206044,515.88,6272, 101465, 49.24,-1.5
PRINCEPIPE, EQ, 01-Oct-2021,692.0,691.9,701.95,687.0, 690.25,691.35,695.06,211656,1471.14,9892, 84737, 40.04,-0.09
PRINCEPIPE, EQ, 01-Oct-2024,559.95,559.5,566.95,557.15,559.45,559.15,559.89,189398,1060.43,12445, 111217, 58.72,-0.14
PRINCEPIPE, EQ, 01-Nov-2021,729.2,729.9,752.1,723.0, 736.75,734.6,739.45,335323,2479.55,16341, 119790, 35.72,0.74
PRINCEPIPE, EQ, 01-Nov-2022,528.2,528.7,554.3,528.7,549.8,548.8,548.21,396122,2171.58,19218, 92391, 23.32,3.9
PRINCEPIPE, EQ, 01-Nov-2023,630.25,630.25,638.5,618.0, 624.00,622.75,628.62,189923,1193.89,12964, 118053, 62.16,-1.19
PRINCEPIPE, EQ, 01-Dec-2020,259.35,261.35,267.0,259.4,266.0,264.8,264.13,115141,304.12,2912, 78387, 68.08,2.1
PRINCEPIPE, EQ, 01-Dec-2021,728.5,737.9,754.9,737.0,747.5,744.85,745.04,203219,1514.06,11840, 93605, 46.06,2.24
PRINCEPIPE, EQ, 01-Dec-2022,555.45,558.4,569.5,556.9,564.25,562.7,565.16,92600,523.34,7626, 40975, 44.25,1.31
PRINCEPIPE, EQ, 01-Dec-2023,689.1,686.1,695.0,686.0, 688.00,687.6,689.78,204359,1409.63,7731, 154959, 75.83,-0.22
PRINCEPIPE, EQ, 02-Jan-2020,155.85,156.05,158.7,154.0, 156.50,155.7,156.39,1021302,1597.22,12425, 250332, 24.51,-0.1
PRINCEPIPE, EQ, 02-Jan-2023,596.25,592.1,601.55,588.45, 594.00,592.35,595.42,92128,548.55,6802, 31295, 33.97,-0.65
PRINCEPIPE, EQ, 02-Jan-2024,751.6,750.0,756.2,740.0, 750.50,750.4,749.12,203936,1527.73,9374, 133433, 65.43,-0.16
PRINCEPIPE, EQ, 02-Jan-2025,429.8,429.8,434.7,427.0,429.6,430.05,430.17,88180,379.33,7434, 42567, 48.27,0.06
PRINCEPIPE, EQ, 02-Feb-2021,305.3,307.75,325.0,306.05, 324.10,324.1,317.73,482686,1533.62,8713, 253300, 52.48,6.16
PRINCEPIPE, EQ, 02-Feb-2022,676.0,679.0,719.8,679.0, 718.05,716.45,704.95,360035,2538.07,16754, 176016, 48.89,5.98
PRINCEPIPE, EQ, 02-Feb-2023,611.05,606.0,627.0,605.5, 610.25,614.25,615.45,87810,540.43,10360, 38290, 43.61,0.52
PRINCEPIPE, EQ, 02-Feb-2024,702.15,707.0,709.65,699.25, 701.40,701.15,702.19,92095,646.68,8751, 41258, 44.80,-0.14
PRINCEPIPE, EQ, 02-Mar-2020,163.65,164.3,168.35,151.5, 153.65,158.4,163.48,254834,416.6,4366, 141915, 55.69,-3.21
PRINCEPIPE, EQ, 02-Mar-2021,401.05,403.75,474.4,403.0,437.0,435.7,445.54,1540141,6862.0,59302, 521942, 33.89,8.64
PRINCEPIPE, EQ, 02-Mar-2022,643.6,640.0,653.0,633.65, 638.00,637.35,640.71,108773,696.92,10704, 49166, 45.20,-0.97
PRINCEPIPE, EQ, 02-Mar-2023,565.9,566.6,598.2,566.0, 586.00,587.0,578.31,306072,1770.03,11634, 183602, 59.99,3.73
PRINCEPIPE, EQ, 02-Apr-2024,571.65,570.0,607.0,567.55, 600.50,601.0,595.96,559837,3336.41,30690, 182146, 32.54,5.13
PRINCEPIPE, EQ, 02-Apr-2025,263.48,261.99,263.0,253.12,262.0,261.06,258.19,299159,772.4,15684, 84398, 28.21,-0.92
PRINCEPIPE, EQ, 02-May-2022,664.45,659.0,696.9,652.35,694.9,691.4,683.2,497961,3402.06,39436, 183431, 36.84,4.06
PRINCEPIPE, EQ, 02-May-2023,591.55,594.7,606.0,590.85, 606.00,604.7,601.75,127923,769.78,8015, 69915, 54.65,2.22
PRINCEPIPE, EQ, 02-May-2024,639.15,640.0,646.3,633.05, 637.00,635.85,637.8,73670,469.87,10001, 33256, 45.14,-0.52
PRINCEPIPE, EQ, 02-Jun-2020,84.9,89.5,93.35,87.2,93.35,93.35,92.32,456110,421.1,5037, 263584, 57.79,9.95
PRINCEPIPE, EQ, 02-Jun-2021,711.3,711.3,735.0,700.0, 719.00,716.15,720.57,424983,3062.29,22185, 213888, 50.33,0.68
PRINCEPIPE, EQ, 02-Jun-2022,639.0,637.05,643.55,631.0,636.5,635.6,636.37,76518,486.94,6581, 30115, 39.36,-0.53
PRINCEPIPE, EQ, 02-Jun-2023,638.95,645.0,657.8,634.1, 636.00,638.5,648.67,554631,3597.73,18992, 132926, 23.97,-0.07
PRINCEPIPE, EQ, 02-Jul-2020,110.5,114.4,114.4,111.7, 113.25,113.55,113.33,237864,269.57,3330, 157500, 66.21,2.76
PRINCEPIPE, EQ, 02-Jul-2021,734.75,745.7,749.75,731.05,733.1,740.1,740.41,342600,2536.65,19267, 137100, 40.02,0.73
PRINCEPIPE, EQ, 02-Jul-2024,683.4,692.0,708.0,686.0,698.0,696.85,697.56,435196,3035.76,19121, 268425, 61.68,1.97
PRINCEPIPE, EQ, 02-Aug-2021,684.75,684.9,695.95,683.55,694.0,689.7,690.64,269462,1861.0,12546, 127589, 47.35,0.72
PRINCEPIPE, EQ, 02-Aug-2022,612.1,614.9,618.9,607.0,612.45,611.55,612.04,248278,1519.56,10612, 176461, 71.07,-0.09
PRINCEPIPE, EQ, 02-Aug-2023,650.25,651.0,661.95,648.0, 660.00,659.15,656.58,186231,1222.76,12559, 83033, 44.59,1.37
PRINCEPIPE, EQ, 02-Aug-2024,645.9,635.05,651.45,632.0,634.0,634.6,639.57,159698,1021.38,15184, 73752, 46.18,-1.75
PRINCEPIPE, EQ, 02-Sep-2020,184.25,183.0,200.0,181.05, 199.60,198.0,193.93,657215,1274.54,11494, 231060, 35.16,7.46
PRINCEPIPE, EQ, 02-Sep-2021,651.85,655.95,664.85,654.05, 658.25,658.2,658.66,173543,1143.06,9321, 58210, 33.54,0.97
PRINCEPIPE, EQ, 02-Sep-2022,588.95,586.0,602.0,586.0,592.9,593.05,594.98,177056,1053.45,9500, 51804, 29.26,0.7
PRINCEPIPE, EQ, 02-Sep-2024,587.05,596.0,596.0,569.65,573.9,571.4,576.52,262737,1514.72,16366, 177882, 67.70,-2.67
PRINCEPIPE, EQ, 02-Nov-2020,230.2,231.0,232.95,220.0, 224.20,224.6,227.79,61999,141.23,1823, 41628, 67.14,-2.43
PRINCEPIPE, EQ, 02-Nov-2021,734.6,740.85,767.75,735.55, 759.90,758.05,756.78,572616,4333.42,27466, 249575, 43.59,3.19
PRINCEPIPE, EQ, 02-Nov-2022,548.8,549.95,557.4,546.2,554.8,554.4,553.87,155306,860.19,8697, 59732, 38.46,1.02
PRINCEPIPE, EQ, 02-Nov-2023,622.75,627.8,635.0,620.9, 625.00,623.25,627.39,77097,483.7,6977, 36520, 47.37,0.08
PRINCEPIPE, EQ, 02-Dec-2020,264.8,266.0,279.8,264.75, 273.15,272.7,272.17,184552,502.29,4320, 110364, 59.80,2.98
PRINCEPIPE, EQ, 02-Dec-2021,744.85,750.0,750.0,731.0, 742.00,742.85,741.14,170657,1264.81,8709, 121471, 71.18,-0.27
PRINCEPIPE, EQ, 02-Dec-2022,562.7,565.7,601.95,563.5, 600.00,597.9,591.71,851629,5039.15,27995, 200261, 23.52,6.26
PRINCEPIPE, EQ, 02-Dec-2024,427.5,432.0,436.0,427.05,432.4,433.15,432.18,288581,1247.2,19095, 135555, 46.97,1.32
PRINCEPIPE, EQ, 03-Jan-2020,155.7,156.0,156.0,151.25, 151.60,151.9,153.13,623408,954.63,9564, 219331, 35.18,-2.44
PRINCEPIPE, EQ, 03-Jan-2022,700.1,707.0,707.0,698.3, 699.95,699.75,701.18,310286,2175.65,33919, 228172, 73.54,-0.05
PRINCEPIPE, EQ, 03-Jan-2023,592.35,588.05,601.15,587.4, 598.90,598.0,595.04,84091,500.37,6467, 36747, 43.70,0.95
PRINCEPIPE, EQ, 03-Jan-2024,750.4,748.0,748.0,736.0, 740.00,737.2,740.17,122745,908.52,8128, 59983, 48.87,-1.76
PRINCEPIPE, EQ, 03-Jan-2025,430.05,430.05,430.55,425.35,426.95,426.4,428.46,57415,246.0,4984, 30705, 53.48,-0.85
PRINCEPIPE, EQ, 03-Feb-2020,168.85,168.85,171.9,166.0, 166.50,167.25,168.72,148029,249.75,2891, 64027, 43.25,-0.95
PRINCEPIPE, EQ, 03-Feb-2021,324.1,326.0,346.8,322.55, 337.95,334.75,337.16,679325,2290.39,15043, 375607, 55.29,3.29
PRINCEPIPE, EQ, 03-Feb-2022,716.45,723.0,742.7,705.0, 717.15,715.05,724.63,408184,2957.84,20690, 190055, 46.56,-0.2
PRINCEPIPE, EQ, 03-Feb-2023,614.25,614.0,621.7,606.25, 615.00,616.4,614.96,91044,559.88,10330, 44325, 48.69,0.35
PRINCEPIPE, EQ, 03-Feb-2025,381.6,381.45,381.45,366.35,367.0,368.15,372.24,126515,470.94,12818, 63324, 50.05,-3.52
PRINCEPIPE, EQ, 03-Mar-2020,158.4,158.8,164.5,158.15, 160.00,160.55,162.38,281616,457.28,3517, 131020, 46.52,1.36
PRINCEPIPE, EQ, 03-Mar-2021,435.7,443.8,448.8,426.6,436.65,436.15,439.43,348034,1529.38,13180, 180215, 51.78,0.1
PRINCEPIPE, EQ, 03-Mar-2022,637.35,649.0,653.75,626.0,629.8,627.4,634.73,118981,755.2,13247, 72419, 60.87,-1.56
PRINCEPIPE, EQ, 03-Mar-2023,587.0,587.9,589.7,573.25, 578.95,576.4,577.69,100068,578.09,7812, 27950, 27.93,-1.81
PRINCEPIPE, EQ, 03-Mar-2025,286.7,286.2,288.1,271.25,273.9,274.85,276.44,235641,651.4,20352, 76989, 32.67,-4.13
PRINCEPIPE, EQ, 03-Apr-2020,101.8,101.1,101.8,96.0, 100.50,98.7,99.43,61609,61.26,1719, 43456, 70.54,-3.05
PRINCEPIPE, EQ, 03-Apr-2023,542.5,549.5,558.0,546.7, 555.00,554.9,553.7,42672,236.27,3904, 21170, 49.61,2.29
PRINCEPIPE, EQ, 03-Apr-2024,601.0,602.0,611.9,595.5, 608.35,607.1,605.51,255877,1549.36,14456, 126819, 49.56,1.01
PRINCEPIPE, EQ, 03-Apr-2025,261.06,260.0,264.31,257.01,263.2,261.71,261.87,149244,390.83,9349, 71558, 47.95,0.25
PRINCEPIPE, EQ, 03-May-2021,528.45,534.4,569.0,531.05,542.2,541.5,545.35,597574,3258.89,28938, 282894, 47.34,2.47
PRINCEPIPE, EQ, 03-May-2023,604.7,604.85,610.9,602.0,607.45,606.3,606.81,101728,617.29,4754, 52558, 51.67,0.26
PRINCEPIPE, EQ, 03-May-2024,635.85,635.0,640.95,625.8, 633.50,631.5,633.24,85818,543.43,9909, 38653, 45.04,-0.68
PRINCEPIPE, EQ, 03-Jun-2020,93.35,102.65,102.65,102.65,102.65,102.65,102.65,287934,295.56,2460, 283776, 98.56,9.96
PRINCEPIPE, EQ, 03-Jun-2021,716.15,720.85,724.25,700.5, 709.70,705.4,712.4,356960,2543.0,17874, 224628, 62.93,-1.5
PRINCEPIPE, EQ, 03-Jun-2022,635.6,644.0,644.0,633.1, 636.25,636.05,637.54,68523,436.86,5477, 28708, 41.90,0.07
PRINCEPIPE, EQ, 03-Jun-2024,610.05,625.05,628.95,611.5,615.0,614.2,617.23,97128,599.5,9388, 56162, 57.82,0.68
PRINCEPIPE, EQ, 03-Jul-2020,113.55,114.0,114.45,112.0, 113.50,113.2,113.07,123707,139.87,2479, 76035, 61.46,-0.31
PRINCEPIPE, EQ, 03-Jul-2023,671.25,674.95,676.95,661.35, 663.50,663.65,667.29,131241,875.75,8401, 63955, 48.73,-1.13
PRINCEPIPE, EQ, 03-Jul-2024,696.85,710.0,710.8,688.4,696.0,695.2,696.29,481155,3350.26,7968, 407992, 84.79,-0.24
PRINCEPIPE, EQ, 03-Aug-2020,112.75,109.6,116.5,107.15,115.5,114.0,113.72,335321,381.33,5707, 220781, 65.84,1.11
PRINCEPIPE, EQ, 03-Aug-2021,689.7,695.8,722.5,694.25,710.0,710.0,712.34,754651,5375.69,25551, 303010, 40.15,2.94
PRINCEPIPE, EQ, 03-Aug-2022,611.55,611.0,613.15,605.0, 609.30,608.8,608.42,61520,374.3,4708, 29895, 48.59,-0.45
PRINCEPIPE, EQ, 03-Aug-2023,659.15,659.15,670.0,655.0, 660.00,661.5,662.72,125123,829.21,7852, 57800, 46.19,0.36
PRINCEPIPE, EQ, 03-Sep-2020,198.0,200.0,227.8,199.6, 215.00,216.9,214.5,2655526,5696.01,43595, 904105, 34.05,9.55
PRINCEPIPE, EQ, 03-Sep-2021,658.2,662.0,670.9,658.05, 663.75,665.15,664.79,246870,1641.16,12798, 84040, 34.04,1.06
PRINCEPIPE, EQ, 03-Sep-2024,571.4,574.7,587.5,574.2,584.5,584.4,580.42,260347,1511.11,18884, 119682, 45.97,2.28
PRINCEPIPE, EQ, 03-Oct-2022,578.2,577.5,585.4,574.05,580.0,581.2,580.19,99178,575.43,7358, 31057, 31.31,0.52
PRINCEPIPE, EQ, 03-Oct-2023,698.75,700.0,704.55,690.15, 692.00,693.45,696.39,94025,654.78,7854, 53218, 56.60,-0.76
PRINCEPIPE, EQ, 03-Oct-2024,559.15,559.85,562.4,555.0,555.8,555.7,558.47,175122,978.0,10643, 120121, 68.59,-0.62
PRINCEPIPE, EQ, 03-Nov-2020,224.6,224.6,237.9,223.0,234.0,234.3,232.87,179393,417.75,4113, 102954, 57.39,4.32
PRINCEPIPE, EQ, 03-Nov-2021,758.05,775.0,777.95,740.05, 754.35,754.15,756.64,649526,4914.55,27955, 282400, 43.48,-0.51
PRINCEPIPE, EQ, 03-Nov-2022,554.4,552.9,558.4,551.3,552.85,553.45,553.91,91021,504.17,6908, 40604, 44.61,-0.17
PRINCEPIPE, EQ, 03-Nov-2023,623.25,629.8,632.15,621.65, 622.35,624.6,626.55,73936,463.24,5921, 41559, 56.21,0.22
PRINCEPIPE, EQ, 03-Dec-2020,272.7,273.5,274.9,268.1,270.75,269.55,271.81,90365,245.62,2827, 58012, 64.20,-1.16
PRINCEPIPE, EQ, 03-Dec-2021,742.85,749.9,749.9,735.9, 741.65,739.45,742.77,157589,1170.52,13830, 92414, 58.64,-0.46
PRINCEPIPE, EQ, 03-Dec-2024,433.15,435.0,439.0,432.4,433.85,435.95,434.97,271823,1182.35,23713, 165783, 60.99,0.65
PRINCEPIPE, EQ, 04-Jan-2021,305.45,306.9,309.3,299.05,305.0,303.8,304.15,431630,1312.81,7702, 298011, 69.04,-0.54
PRINCEPIPE, EQ, 04-Jan-2022,699.75,705.0,706.0,697.1, 705.05,701.2,700.47,195396,1368.7,15960, 132991, 68.06,0.21
PRINCEPIPE, EQ, 04-Jan-2023,598.0,598.35,599.95,585.0, 587.50,586.3,588.38,61195,360.06,5408, 25673, 41.95,-1.96
PRINCEPIPE, EQ, 04-Jan-2024,737.2,740.85,767.9,738.7, 761.05,759.95,757.95,365775,2772.41,17667, 154106, 42.13,3.09
PRINCEPIPE, EQ, 04-Feb-2020,167.25,168.35,173.5,168.35, 171.40,171.4,171.31,157238,269.36,2676, 68005, 43.25,2.48
PRINCEPIPE, EQ, 04-Feb-2021,334.75,353.0,401.7,353.0, 400.90,398.3,380.48,2483769,9450.24,63516, 783633, 31.55,18.98
PRINCEPIPE, EQ, 04-Feb-2022,715.05,675.05,721.15,675.0, 711.40,711.35,699.86,602725,4218.21,43552, 270575, 44.89,-0.52
PRINCEPIPE, EQ, 04-Feb-2025,368.15,370.1,372.9,363.25,364.0,363.95,365.96,97155,355.54,8288, 57852, 59.55,-1.14
PRINCEPIPE, EQ, 04-Mar-2020,160.55,161.1,162.35,153.6, 159.00,157.25,157.69,215846,340.38,4314, 100621, 46.62,-2.06
PRINCEPIPE, EQ, 04-Mar-2021,436.15,436.8,455.0,436.55, 440.00,439.6,444.38,316583,1406.82,16563, 133273, 42.10,0.79
PRINCEPIPE, EQ, 04-Mar-2022,627.4,624.0,632.4,615.25, 624.10,622.0,625.6,235578,1473.77,13851, 158647, 67.34,-0.86
PRINCEPIPE, EQ, 04-Mar-2024,579.25,579.95,582.0,573.4, 577.50,576.8,577.3,82181,474.43,8782, 40321, 49.06,-0.42
PRINCEPIPE, EQ, 04-Mar-2025,274.85,274.0,278.65,268.4,272.45,271.8,272.26,181214,493.38,14704, 55398, 30.57,-1.11
PRINCEPIPE, EQ, 04-Apr-2022,648.2,654.85,700.0,652.1,686.0,683.45,683.27,570040,3894.91,29593, 186038, 32.64,5.44
PRINCEPIPE, EQ, 04-Apr-2024,607.1,623.0,634.1,610.0, 614.00,612.25,619.47,397440,2462.01,20350, 133355, 33.55,0.85
PRINCEPIPE, EQ, 04-Apr-2025,261.71,260.91,261.0,242.0,245.8,244.91,248.26,375464,932.12,21298, 195597, 52.09,-6.42
PRINCEPIPE, EQ, 04-May-2020,93.75,93.6,93.6,90.2, 91.00,90.85,91.06,119180,108.53,3588, 83270, 69.87,-3.09
PRINCEPIPE, EQ, 04-May-2021,541.5,548.7,557.8,540.15, 549.00,543.75,548.03,255445,1399.91,10650, 110637, 43.31,0.42
PRINCEPIPE, EQ, 04-May-2022,691.4,700.0,708.7,665.65,676.0,673.6,688.04,228659,1573.26,12627, 81879, 35.81,-2.57
PRINCEPIPE, EQ, 04-May-2023,606.3,606.3,612.0,603.0, 606.60,606.55,606.67,72302,438.63,5217, 29052, 40.18,0.04
PRINCEPIPE, EQ, 04-Jun-2020,102.65,107.75,107.75,107.75,107.75,107.75,107.75,171459,184.75,1814, 167893, 97.92,4.97
PRINCEPIPE, EQ, 04-Jun-2021,705.4,709.8,721.0,705.9, 709.95,708.35,710.99,269263,1914.42,17371, 151250, 56.17,0.42
PRINCEPIPE, EQ, 04-Jun-2024,614.2,621.5,622.0,581.0,597.05,594.85,603.22,180486,1088.73,16963, 81330, 45.06,-3.15
PRINCEPIPE, EQ, 04-Jul-2022,592.95,593.0,604.0,593.0,597.0,597.35,598.03,32036,191.59,3790, 13383, 41.77,0.74
PRINCEPIPE, EQ, 04-Jul-2023,663.65,666.9,670.65,654.95, 657.05,657.15,657.7,573431,3771.48,8199, 421506, 73.51,-0.98
PRINCEPIPE, EQ, 04-Jul-2024,695.2,691.95,694.5,685.5,693.9,693.3,689.63,114600,790.32,8563, 48132, 42.00,-0.27
PRINCEPIPE, EQ, 04-Aug-2020,114.0,116.0,117.2,112.5,116.0,115.8,115.54,245705,283.88,3364, 181329, 73.80,1.58
PRINCEPIPE, EQ, 04-Aug-2021,710.0,717.8,724.0,685.65,693.0,693.25,702.82,498066,3500.5,17364, 237549, 47.69,-2.36
PRINCEPIPE, EQ, 04-Aug-2022,608.8,611.95,616.75,598.6,606.5,605.1,606.81,109770,666.09,8045, 52931, 48.22,-0.61
PRINCEPIPE, EQ, 04-Aug-2023,661.5,662.0,667.95,658.65, 662.00,661.45,663.03,93925,622.76,5645, 40908, 43.55,-0.01
PRINCEPIPE, EQ, 04-Sep-2020,216.9,211.0,222.8,205.0,207.75,207.8,213.64,1304124,2786.19,17639, 476593, 36.55,-4.2
PRINCEPIPE, EQ, 04-Sep-2023,727.4,740.0,740.0,715.0, 724.00,724.4,727.76,183182,1333.12,11642, 99177, 54.14,-0.41
PRINCEPIPE, EQ, 04-Sep-2024,584.4,578.35,586.25,568.3,570.0,569.7,572.79,381698,2186.31,24999, 244466, 64.05,-2.52
PRINCEPIPE, EQ, 04-Oct-2021,691.35,698.0,725.4,695.4, 723.30,720.45,717.56,627741,4504.4,28326, 287528, 45.80,4.21
PRINCEPIPE, EQ, 04-Oct-2022,581.2,587.2,593.65,580.9, 587.70,586.0,586.45,92250,541.0,6689, 32893, 35.66,0.83
PRINCEPIPE, EQ, 04-Oct-2023,693.45,687.15,697.95,675.7, 684.65,679.3,688.49,271875,1871.82,15888, 206687, 76.02,-2.04
PRINCEPIPE, EQ, 04-Oct-2024,555.7,553.0,563.15,550.7,555.0,554.85,556.58,88225,491.04,7178, 51846, 58.77,-0.15
PRINCEPIPE, EQ, 04-Nov-2020,234.3,241.0,243.5,231.95,241.25,239.4,238.16,254312,605.68,7364, 126142, 49.60,2.18
PRINCEPIPE, EQ, 04-Nov-2022,553.45,552.0,560.0,551.95,556.2,555.5,555.86,67964,377.78,6486, 37077, 54.55,0.37
PRINCEPIPE, EQ, 04-Nov-2024,482.65,482.7,483.6,470.7,474.0,472.4,474.01,161354,764.83,13950, 83723, 51.89,-2.12
PRINCEPIPE, EQ, 04-Dec-2020,269.55,271.45,271.45,264.05, 266.00,265.3,266.74,89742,239.38,3221, 62374, 69.50,-1.58
PRINCEPIPE, EQ, 04-Dec-2023,687.6,694.7,724.5,694.25, 715.00,716.25,713.42,803950,5735.53,38435, 312656, 38.89,4.17
PRINCEPIPE, EQ, 04-Dec-2024,435.95,439.8,461.85,437.55,439.6,439.1,446.38,705160,3147.67,38863, 237060, 33.62,0.72
PRINCEPIPE, EQ, 05-Jan-2021,303.8,296.0,303.9,291.1, 300.00,301.45,300.38,404992,1216.52,10779, 274255, 67.72,-0.77
PRINCEPIPE, EQ, 05-Jan-2022,701.2,707.95,707.95,698.25, 698.95,698.85,701.26,296655,2080.31,19233, 207145, 69.83,-0.34
PRINCEPIPE, EQ, 05-Jan-2023,586.3,585.95,599.0,582.2,590.8,590.05,590.72,92362,545.6,7554, 46638, 50.49,0.64
PRINCEPIPE, EQ, 05-Jan-2024,759.95,769.9,776.0,740.0, 741.65,743.35,755.56,336714,2544.08,19087, 139158, 41.33,-2.18
PRINCEPIPE, EQ, 05-Feb-2020,171.4,172.45,172.9,167.7, 169.00,168.7,170.14,122567,208.54,2422, 63441, 51.76,-1.58
PRINCEPIPE, EQ, 05-Feb-2021,398.3,404.4,425.0,388.9, 400.90,401.4,409.12,1230648,5034.87,38876, 334722, 27.20,0.78
PRINCEPIPE, EQ, 05-Feb-2024,701.15,701.4,729.85,698.35, 726.65,723.9,716.34,242666,1738.31,21704, 115372, 47.54,3.24
PRINCEPIPE, EQ, 05-Feb-2025,363.95,369.2,370.0,364.65,367.0,367.15,366.8,106521,390.72,7855, 54851, 51.49,0.88
PRINCEPIPE, EQ, 05-Mar-2020,157.25,158.3,159.9,154.75, 155.50,155.4,157.51,279236,439.83,4964, 170134, 60.93,-1.18
PRINCEPIPE, EQ, 05-Mar-2021,439.6,443.0,445.6,420.7,426.05,424.3,431.02,265753,1145.45,8578, 172684, 64.98,-3.48
PRINCEPIPE, EQ, 05-Mar-2024,576.8,576.8,578.95,570.05, 574.00,575.1,572.93,95885,549.35,10060, 49153, 51.26,-0.29
PRINCEPIPE, EQ, 05-Mar-2025,271.8,272.3,277.2,270.0,271.8,271.65,271.71,314824,855.42,20908, 146683, 46.59,-0.06
PRINCEPIPE, EQ, 05-Apr-2021,427.5,427.5,435.0,415.55,417.0,416.65,422.37,182938,772.68,7696, 100397, 54.88,-2.54
PRINCEPIPE, EQ, 05-Apr-2022,683.45,689.8,709.0,687.25, 695.00,692.95,699.3,425551,2975.88,25747, 156081, 36.68,1.39
PRINCEPIPE, EQ, 05-Apr-2023,554.9,563.2,579.0,559.0, 574.00,570.95,572.28,146105,836.13,11686, 30012, 20.54,2.89
PRINCEPIPE, EQ, 05-Apr-2024,612.25,613.4,621.2,610.25, 612.10,613.6,615.02,197165,1212.61,12601, 122258, 62.01,0.22
PRINCEPIPE, EQ, 05-May-2020,90.85,91.0,92.65,89.35, 89.90,89.95,90.37,264668,239.17,1814, 172325, 65.11,-0.99
PRINCEPIPE, EQ, 05-May-2021,543.75,552.4,597.05,545.0, 578.00,572.7,578.86,1441214,8342.54,56314, 407975, 28.31,5.32
PRINCEPIPE, EQ, 05-May-2022,673.6,684.0,697.8,665.2, 669.30,671.8,683.76,189154,1293.36,11373, 80364, 42.49,-0.27
PRINCEPIPE, EQ, 05-May-2023,606.55,606.55,610.7,600.15, 605.60,604.85,605.81,63567,385.1,4168, 32408, 50.98,-0.28
PRINCEPIPE, EQ, 05-Jun-2020,107.75,113.1,113.1,113.1, 113.10,113.1,113.1,63763,72.12,637, 63761, 100.00,4.97
PRINCEPIPE, EQ, 05-Jun-2023,638.5,642.7,655.0,633.0, 636.50,636.35,640.43,152701,977.95,6750, 59244, 38.80,-0.34
PRINCEPIPE, EQ, 05-Jun-2024,594.85,592.3,609.0,578.8,604.0,598.1,596.5,168774,1006.73,17767, 66343, 39.31,0.55
PRINCEPIPE, EQ, 05-Jul-2021,740.1,748.0,758.0,718.0, 729.30,727.6,738.19,558906,4125.81,31109, 234251, 41.91,-1.69
PRINCEPIPE, EQ, 05-Jul-2022,597.35,602.0,602.8,590.0,592.85,592.45,597.72,54283,324.46,4614, 25023, 46.10,-0.82
PRINCEPIPE, EQ, 05-Jul-2023,657.15,660.45,662.0,645.25,651.95,649.65,652.39,107916,704.04,7366, 48108, 44.58,-1.14
PRINCEPIPE, EQ, 05-Jul-2024,693.3,699.0,699.9,685.0,690.1,693.35,693.75,147996,1026.72,10653, 65750, 44.43,0.01
PRINCEPIPE, EQ, 05-Aug-2020,115.8,117.0,117.0,114.9,116.15,116.6,116.1,120962,140.44,3208, 79553, 65.77,0.69
PRINCEPIPE, EQ, 05-Aug-2021,693.25,700.6,707.9,690.1,702.15,701.4,698.41,330434,2307.78,13445, 92658, 28.04,1.18
PRINCEPIPE, EQ, 05-Aug-2022,605.1,607.9,643.5,607.4,635.9,633.45,632.7,717769,4541.32,30546, 160134, 22.31,4.69
PRINCEPIPE, EQ, 05-Aug-2024,634.6,625.0,631.15,598.35,606.5,604.9,608.0,216491,1316.27,20774, 106168, 49.04,-4.68
PRINCEPIPE, EQ, 05-Sep-2022,593.05,599.0,601.4,594.15, 596.90,596.2,597.84,101061,604.18,7100, 59701, 59.07,0.53
PRINCEPIPE, EQ, 05-Sep-2023,724.4,734.95,739.0,720.05, 720.05,722.65,729.26,204004,1487.73,10051, 111621, 54.72,-0.24
PRINCEPIPE, EQ, 05-Sep-2024,569.7,571.0,578.0,564.0,565.0,565.55,569.12,230832,1313.71,12258, 155266, 67.26,-0.73
PRINCEPIPE, EQ, 05-Oct-2020,245.95,247.7,259.0,247.65, 250.50,250.25,252.62,486248,1228.36,11213, 304821, 62.69,1.75
PRINCEPIPE, EQ, 05-Oct-2021,720.45,723.6,734.5,712.0, 717.45,715.75,724.81,313769,2274.22,16738, 137584, 43.85,-0.65
PRINCEPIPE, EQ, 05-Oct-2023,679.3,678.0,688.35,667.95, 669.40,670.5,673.57,130624,879.84,8063, 60923, 46.64,-1.3
PRINCEPIPE, EQ, 05-Nov-2020,239.4,244.9,244.9,237.5, 239.50,239.8,240.12,460989,1106.94,2924, 412776, 89.54,0.17
PRINCEPIPE, EQ, 05-Nov-2024,472.4,476.0,477.25,470.7,474.85,474.65,473.46,112110,530.79,9321, 56528, 50.42,0.48
PRINCEPIPE, EQ, 05-Dec-2022,597.9,601.1,629.9,601.1, 626.00,623.3,619.29,1180731,7312.13,32185, 227957, 19.31,4.25
PRINCEPIPE, EQ, 05-Dec-2023,716.25,718.0,723.2,708.55, 711.20,713.4,715.28,197811,1414.9,12814, 99635, 50.37,-0.4
PRINCEPIPE, EQ, 05-Dec-2024,439.1,443.4,443.4,436.1,438.2,437.4,438.98,181906,798.54,11769, 90638, 49.83,-0.39
PRINCEPIPE, EQ, 06-Jan-2020,151.9,143.0,153.5,143.0, 151.75,150.2,149.33,1515788,2263.57,20377, 476608, 31.44,-1.12
PRINCEPIPE, EQ, 06-Jan-2021,301.45,301.45,302.8,291.35, 294.00,294.95,295.84,360732,1067.18,11448, 237577, 65.86,-2.16
PRINCEPIPE, EQ, 06-Jan-2022,698.85,700.0,701.7,696.1, 699.80,698.95,698.94,172327,1204.46,10404, 126134, 73.19,0.01
PRINCEPIPE, EQ, 06-Jan-2023,590.05,590.8,598.1,590.45,591.05,593.2,594.28,110297,655.47,9043, 41242, 37.39,0.53
PRINCEPIPE, EQ, 06-Jan-2025,426.4,426.95,427.0,406.0,408.8,407.9,413.06,159696,659.64,15810, 79022, 49.48,-4.34
PRINCEPIPE, EQ, 06-Feb-2020,168.7,169.5,171.75,167.45, 168.70,168.35,169.59,112909,191.48,2362, 58356, 51.68,-0.21
PRINCEPIPE, EQ, 06-Feb-2023,616.4,610.85,618.95,606.05, 610.00,610.9,610.93,106093,648.15,19295, 52379, 49.37,-0.89
PRINCEPIPE, EQ, 06-Feb-2024,723.9,685.0,689.95,666.1, 674.60,673.55,677.31,951137,6442.11,59314, 452201, 47.54,-6.96
PRINCEPIPE, EQ, 06-Feb-2025,367.15,367.15,392.7,366.3,379.0,377.4,374.88,199898,749.38,15830, 60443, 30.24,2.79
PRINCEPIPE, EQ, 06-Mar-2020,155.4,153.95,153.95,145.5, 147.60,147.7,149.79,203499,304.82,4129, 72248, 35.50,-4.95
PRINCEPIPE, EQ, 06-Mar-2023,576.4,576.95,583.75,575.0, 576.50,575.8,577.97,58259,336.72,5248, 20869, 35.82,-0.1
PRINCEPIPE, EQ, 06-Mar-2024,575.1,574.0,574.0,562.1, 563.75,565.05,567.81,116783,663.1,13514, 52525, 44.98,-1.75
PRINCEPIPE, EQ, 06-Mar-2025,271.65,275.0,281.8,270.85,280.4,280.45,275.89,339888,937.71,23397, 123006, 36.19,3.24
PRINCEPIPE, EQ, 06-Apr-2021,416.65,416.0,425.0,415.0,417.0,416.3,420.06,106424,447.05,4760, 54586, 51.29,-0.08
PRINCEPIPE, EQ, 06-Apr-2022,692.95,691.0,724.9,682.15, 723.60,720.1,714.55,534295,3817.83,18903, 200118, 37.45,3.92
PRINCEPIPE, EQ, 06-Apr-2023,570.95,570.95,573.95,565.1, 567.00,566.3,569.51,53708,305.87,5839, 25804, 48.04,-0.81
PRINCEPIPE, EQ, 06-May-2020,89.95,90.0,91.8,84.9, 85.00,85.45,86.16,301136,259.46,5030, 218777, 72.65,-5.0
PRINCEPIPE, EQ, 06-May-2021,572.7,578.0,591.0,568.0, 587.75,583.7,577.74,411451,2377.13,18818, 154472, 37.54,1.92
PRINCEPIPE, EQ, 06-May-2022,671.8,658.75,666.15,646.0,650.0,649.45,651.73,230965,1505.27,18168, 125969, 54.54,-3.33
PRINCEPIPE, EQ, 06-May-2024,631.5,632.0,635.9,616.15,628.0,623.85,623.47,93480,582.82,9385, 48179, 51.54,-1.21
PRINCEPIPE, EQ, 06-Jun-2022,636.05,631.0,635.95,608.4,610.0,609.9,616.79,339693,2095.19,25282, 223389, 65.76,-4.11
PRINCEPIPE, EQ, 06-Jun-2023,636.35,636.35,640.1,628.8,637.9,637.25,635.66,137281,872.63,10555, 62804, 45.75,0.14
PRINCEPIPE, EQ, 06-Jun-2024,598.1,610.0,616.0,605.05,615.0,613.9,612.37,57065,349.45,6300, 28952, 50.74,2.64
PRINCEPIPE, EQ, 06-Jul-2020,113.2,114.0,115.8,112.6, 114.00,114.1,114.25,218244,249.34,2720, 132728, 60.82,0.8
PRINCEPIPE, EQ, 06-Jul-2021,727.6,727.6,731.95,711.25, 717.00,714.95,719.24,272082,1956.92,15881, 137293, 50.46,-1.74
PRINCEPIPE, EQ, 06-Jul-2022,592.45,594.6,599.8,591.25,597.9,597.6,595.7,32915,196.08,2657, 14669, 44.57,0.87
PRINCEPIPE, EQ, 06-Jul-2023,649.65,652.9,658.0,645.6,650.0,647.95,651.58,94301,614.44,7408, 44137, 46.80,-0.26
PRINCEPIPE, EQ, 06-Aug-2020,116.6,121.0,122.4,120.0,122.4,122.4,121.65,286718,348.8,2771, 206437, 72.00,4.97
PRINCEPIPE, EQ, 06-Aug-2021,701.4,612.0,686.6,612.0, 669.00,665.2,664.18,1460952,9703.3,69291, 506583, 34.67,-5.16
PRINCEPIPE, EQ, 06-Aug-2024,604.9,618.0,619.4,590.0,594.45,592.1,601.9,114674,690.22,9649, 51543, 44.95,-2.12
PRINCEPIPE, EQ, 06-Sep-2021,665.15,669.95,676.9,665.0,672.0,669.9,668.81,273378,1828.38,10958, 134886, 49.34,0.71
PRINCEPIPE, EQ, 06-Sep-2022,596.2,599.8,599.8,594.0, 597.80,596.7,596.38,63884,380.99,4774, 34359, 53.78,0.08
PRINCEPIPE, EQ, 06-Sep-2023,722.65,722.65,725.35,712.15, 715.00,715.8,716.47,189548,1358.05,7052, 138248, 72.94,-0.95
PRINCEPIPE, EQ, 06-Sep-2024,565.55,567.95,571.9,556.8,559.95,558.55,563.62,232037,1307.81,16756, 144054, 62.08,-1.24
PRINCEPIPE, EQ, 06-Oct-2020,250.25,251.1,252.9,243.0,244.85,244.25,247.8,184727,457.75,4951, 101608, 55.00,-2.4
PRINCEPIPE, EQ, 06-Oct-2021,715.75,720.85,722.9,702.8, 703.70,704.1,711.04,235158,1672.06,13411, 105116, 44.70,-1.63
PRINCEPIPE, EQ, 06-Oct-2022,586.0,589.0,591.0,583.2, 585.00,584.75,587.42,61623,361.99,5292, 31090, 50.45,-0.21
PRINCEPIPE, EQ, 06-Oct-2023,670.5,670.55,678.85,667.05, 671.00,668.35,670.4,75332,505.02,5320, 40365, 53.58,-0.32
PRINCEPIPE, EQ, 06-Nov-2020,239.8,239.8,242.5,239.8, 240.00,240.05,240.33,118244,284.18,2957, 79499, 67.23,0.1
PRINCEPIPE, EQ, 06-Nov-2023,624.6,619.9,624.6,614.05, 620.00,618.4,618.45,210582,1302.34,11932, 93464, 44.38,-0.99
PRINCEPIPE, EQ, 06-Nov-2024,474.65,481.95,482.5,476.15,482.0,480.7,479.95,168452,808.48,14154, 105038, 62.35,1.27
PRINCEPIPE, EQ, 06-Dec-2021,739.45,739.0,744.6,718.2, 729.00,725.0,733.17,127483,934.67,11545, 74714, 58.61,-1.95
PRINCEPIPE, EQ, 06-Dec-2022,623.3,624.45,640.0,608.55, 634.50,632.1,625.3,608132,3802.64,20231, 160363, 26.37,1.41
PRINCEPIPE, EQ, 06-Dec-2023,713.4,713.4,716.5,702.6, 704.00,708.3,709.14,286781,2033.67,15273, 184878, 64.47,-0.71
PRINCEPIPE, EQ, 06-Dec-2024,437.4,440.0,443.0,435.05,436.0,436.25,437.1,223929,978.79,13599, 110259, 49.24,-0.26
PRINCEPIPE, EQ, 07-Jan-2020,150.2,151.75,155.85,150.9, 155.70,153.55,152.84,621807,950.4,9335, 248495, 39.96,2.23
PRINCEPIPE, EQ, 07-Jan-2021,294.95,295.0,302.0,291.55, 292.85,293.3,296.35,170698,505.87,3759, 103308, 60.52,-0.56
PRINCEPIPE, EQ, 07-Jan-2022,698.95,704.95,704.95,688.0,690.95,690.0,694.47,356563,2476.23,27075, 256332, 71.89,-1.28
PRINCEPIPE, EQ, 07-Jan-2025,407.9,407.05,417.5,403.6,404.7,404.9,408.11,151566,618.55,14100, 74680, 49.27,-0.74
PRINCEPIPE, EQ, 07-Feb-2020,168.35,168.7,173.0,168.2, 172.05,172.15,171.1,208837,357.33,3630, 70712, 33.86,2.26
PRINCEPIPE, EQ, 07-Feb-2022,711.35,713.0,720.75,694.1, 702.00,702.1,702.93,163020,1145.92,15631, 87056, 53.40,-1.3
PRINCEPIPE, EQ, 07-Feb-2023,610.9,610.0,617.0,609.1, 615.40,611.9,612.59,47521,291.11,5554, 23799, 50.08,0.16
PRINCEPIPE, EQ, 07-Feb-2024,673.55,679.95,686.0,643.5, 648.00,646.45,658.15,925088,6088.51,48876, 516377, 55.82,-4.02
PRINCEPIPE, EQ, 07-Feb-2025,377.4,377.35,378.95,372.0,376.5,376.05,375.52,48233,181.12,5205, 20032, 41.53,-0.36
PRINCEPIPE, EQ, 07-Mar-2022,622.0,611.8,615.0,602.0, 610.00,607.45,607.35,192472,1168.98,19097,95248,49.49,-2.34
PRINCEPIPE, EQ, 07-Mar-2024,565.05,565.1,576.95,563.05, 569.75,568.15,570.54,89243,509.17,8558, 41861, 46.91,0.55
PRINCEPIPE, EQ, 07-Mar-2025,280.45,280.0,284.95,277.1,277.6,278.1,279.8,224421,627.94,14397, 101184, 45.09,-0.84
PRINCEPIPE, EQ, 07-Apr-2020,98.7,107.95,107.95,101.6, 102.00,103.4,102.46,80360,82.33,1025, 63661, 79.22,4.76
PRINCEPIPE, EQ, 07-Apr-2021,416.3,422.0,454.6,414.5,452.6,449.55,435.81,647217,2820.67,17901, 398263, 61.53,7.99
PRINCEPIPE, EQ, 07-Apr-2022,720.1,723.4,725.0,695.0,700.9,700.05,706.95,297905,2106.04,16259, 146977, 49.34,-2.78
PRINCEPIPE, EQ, 07-Apr-2025,244.91,238.0,242.35,229.05,242.3,239.83,234.62,317945,745.97,29129, 121732, 38.29,-2.07
PRINCEPIPE, EQ, 07-May-2020,85.45,85.0,85.0,82.5, 84.70,84.4,83.2,162560,135.26,3132, 107219, 65.96,-1.23
PRINCEPIPE, EQ, 07-May-2021,583.7,591.0,598.05,575.1, 577.00,579.35,586.97,438728,2575.21,15698, 208231, 47.46,-0.75
PRINCEPIPE, EQ, 07-May-2024,623.85,623.0,639.4,617.15,622.9,623.15,627.26,121948,764.93,12103, 46040, 37.75,-0.11
PRINCEPIPE, EQ, 07-Jun-2021,708.35,710.0,715.8,700.0, 701.00,701.15,704.76,334568,2357.9,24334, 211405, 63.19,-1.02
PRINCEPIPE, EQ, 07-Jun-2022,609.9,609.9,618.0,603.0,613.1,614.75,614.29,223443,1372.58,16303, 155860, 69.75,0.8
PRINCEPIPE, EQ, 07-Jun-2023,637.25,637.4,656.0,632.8, 651.70,650.85,647.9,353847,2292.56,13439, 116333, 32.88,2.13
PRINCEPIPE, EQ, 07-Jun-2024,613.9,619.0,682.95,613.0,666.0,650.4,638.83,371054,2370.4,10566, 303833, 81.88,5.95
PRINCEPIPE, EQ, 07-Jul-2020,114.1,114.25,114.45,112.5, 112.90,113.0,113.25,104184,117.99,1853, 68573, 65.82,-0.96
PRINCEPIPE, EQ, 07-Jul-2021,714.95,717.0,728.9,709.2, 719.85,717.15,716.62,266001,1906.23,15413, 118064, 44.38,0.31
PRINCEPIPE, EQ, 07-Jul-2022,597.6,599.6,606.5,597.0, 599.60,599.05,602.62,51526,310.5,3828, 22557, 43.78,0.24
PRINCEPIPE, EQ, 07-Jul-2023,647.95,649.6,652.1,633.0, 643.00,642.85,640.54,213746,1369.12,9104, 142427, 66.63,-0.79
PRINCEPIPE, EQ, 07-Aug-2020,122.4,126.9,141.9,126.5,136.65,137.25,135.59,1428405,1936.73,17385, 525497, 36.79,12.13
PRINCEPIPE, EQ, 07-Aug-2023,661.45,662.0,683.0,662.0, 675.50,677.5,676.69,312837,2116.93,18693, 150419, 48.08,2.43
PRINCEPIPE, EQ, 07-Aug-2024,592.1,609.9,609.9,577.5,586.0,582.4,582.36,306124,1782.73,21910, 180371, 58.92,-1.64
PRINCEPIPE, EQ, 07-Sep-2020,207.8,208.0,214.0,202.75, 203.00,205.2,206.69,568503,1175.05,7613, 247742, 43.58,-1.25
PRINCEPIPE, EQ, 07-Sep-2021,669.9,676.9,678.0,661.15, 670.50,669.5,668.61,168415,1126.05,8665, 62602, 37.17,-0.06
PRINCEPIPE, EQ, 07-Sep-2022,596.7,595.0,598.0,592.2, 597.90,596.55,595.62,67043,399.32,5677, 34526, 51.50,-0.03
PRINCEPIPE, EQ, 07-Sep-2023,715.8,715.75,719.55,710.1, 716.00,714.45,714.17,98211,701.39,7884, 62574, 63.71,-0.19
PRINCEPIPE, EQ, 07-Oct-2020,244.25,245.8,254.0,241.5,245.7,244.5,248.07,287864,714.09,7512, 138243, 48.02,0.1
PRINCEPIPE, EQ, 07-Oct-2021,704.1,712.0,727.9,711.15, 720.00,719.55,719.98,703293,5063.58,14760, 556789, 79.17,2.19
PRINCEPIPE, EQ, 07-Oct-2022,584.75,584.75,587.95,579.5, 582.90,581.35,582.11,102494,596.63,6092, 23831, 23.25,-0.58
PRINCEPIPE, EQ, 07-Oct-2024,554.85,558.95,558.95,541.75,544.0,544.5,546.24,99268,542.24,9901, 57043, 57.46,-1.87
PRINCEPIPE, EQ, 07-Nov-2022,555.5,558.3,568.0,555.45,564.2,564.25,563.72,121656,685.8,9296, 63273, 52.01,1.58
PRINCEPIPE, EQ, 07-Nov-2023,618.4,617.0,633.7,617.0, 627.00,625.2,627.36,223531,1402.34,14358, 89765, 40.16,1.1
PRINCEPIPE, EQ, 07-Nov-2024,480.7,487.9,506.6,466.05,474.0,476.55,487.36,1330275,6483.28,78921, 252169, 18.96,-0.86
PRINCEPIPE, EQ, 07-Dec-2020,265.3,265.5,274.0,265.5, 270.10,269.5,270.74,164083,444.23,6664, 64671, 39.41,1.58
PRINCEPIPE, EQ, 07-Dec-2021,725.0,732.0,739.0,725.0,735.0,732.85,732.4,89638,656.51,7814, 43681, 48.73,1.08
PRINCEPIPE, EQ, 07-Dec-2022,632.1,627.95,631.05,615.0, 617.20,619.1,622.32,291145,1811.86,12592, 96648, 33.20,-2.06
PRINCEPIPE, EQ, 07-Dec-2023,708.3,710.8,712.15,698.0, 702.80,701.6,702.96,170447,1198.18,10168, 90108, 52.87,-0.95
PRINCEPIPE, EQ, 08-Jan-2020,153.55,149.7,154.8,149.65, 152.85,153.25,152.87,519977,794.91,6769, 232445, 44.70,-0.2
PRINCEPIPE, EQ, 08-Jan-2021,293.3,292.15,299.5,292.15, 298.50,298.05,297.2,367751,1092.97,7002, 278494, 75.73,1.62
PRINCEPIPE, EQ, 08-Jan-2024,743.35,746.65,752.0,718.05, 735.75,733.6,727.89,513641,3738.73,19536, 275827, 53.70,-1.31
PRINCEPIPE, EQ, 08-Jan-2025,404.9,406.95,407.0,401.1,405.05,405.6,404.04,94171,380.49,17256, 42855, 45.51,0.17
PRINCEPIPE, EQ, 08-Feb-2021,401.4,402.75,409.9,382.0, 398.00,397.25,398.73,332564,1326.03,12511, 131063, 39.41,-1.03
PRINCEPIPE, EQ, 08-Feb-2022,702.1,710.0,713.85,692.0,699.9,695.3,698.08,180895,1262.78,12129, 111751, 61.78,-0.97
PRINCEPIPE, EQ, 08-Feb-2023,611.9,602.0,622.25,600.05, 613.00,613.1,613.56,203350,1247.68,11204, 77670, 38.20,0.2
PRINCEPIPE, EQ, 08-Feb-2024,646.45,647.0,660.95,647.0, 658.00,656.45,653.95,204945,1340.24,15172, 85755, 41.84,1.55
PRINCEPIPE, EQ, 08-Mar-2021,424.3,430.0,480.0,430.0, 447.00,445.5,456.37,982678,4484.69,28923, 403743, 41.09,5.0
PRINCEPIPE, EQ, 08-Mar-2022,607.45,610.0,637.7,609.45, 626.00,625.35,621.04,175853,1092.11,12796, 73683, 41.90,2.95
PRINCEPIPE, EQ, 08-Mar-2023,575.8,575.0,598.35,573.2, 593.05,595.25,589.7,194960,1149.69,11366, 83159, 42.65,3.38
PRINCEPIPE, EQ, 08-Apr-2020,103.4,101.05,106.0,101.05, 103.60,103.65,103.63,67922,70.39,1042, 45637, 67.19,0.24
PRINCEPIPE, EQ, 08-Apr-2021,449.55,454.0,484.8,449.8, 477.15,476.4,471.78,876156,4133.55,31094, 395089, 45.09,5.97
PRINCEPIPE, EQ, 08-Apr-2022,700.05,706.8,720.0,702.6, 711.00,711.3,712.06,189954,1352.58,9846, 75490, 39.74,1.61
PRINCEPIPE, EQ, 08-Apr-2024,613.6,618.0,622.3,605.2, 609.00,608.65,614.86,117433,722.05,10570, 55078, 46.90,-0.81
PRINCEPIPE, EQ, 08-Apr-2025,239.83,247.0,247.0,239.55,244.54,244.0,242.67,174390,423.18,9856, 65738, 37.70,1.74
PRINCEPIPE, EQ, 08-May-2020,84.4,85.0,87.3,84.35, 84.95,84.9,85.23,72591,61.87,1267, 39237, 54.05,0.59
PRINCEPIPE, EQ, 08-May-2023,604.85,604.95,613.25,602.05, 608.00,609.45,608.08,111440,677.65,7472, 44119, 39.59,0.76
PRINCEPIPE, EQ, 08-May-2024,623.15,620.4,629.95,614.3,628.05,626.15,625.01,65988,412.43,8971, 26730, 40.51,0.48
PRINCEPIPE, EQ, 08-Jun-2020,113.1,118.75,118.75,118.75, 118.75,118.75,118.75,96043,114.05,1032, 95566, 99.50,5.0
PRINCEPIPE, EQ, 08-Jun-2021,701.15,701.0,718.0,690.1, 713.00,713.3,708.73,402900,2855.47,25661, 211117, 52.40,1.73
PRINCEPIPE, EQ, 08-Jun-2022,614.75,616.95,616.95,597.55,604.0,602.25,601.64,343467,2066.45,23124, 192398, 56.02,-2.03
PRINCEPIPE, EQ, 08-Jun-2023,650.85,653.0,658.35,637.4, 645.50,645.75,648.41,210847,1367.14,12406, 76450, 36.26,-0.78
PRINCEPIPE, EQ, 08-Jul-2020,113.0,115.5,115.5,113.0,113.2,113.65,113.86,136276,155.17,1648, 89100, 65.38,0.58
PRINCEPIPE, EQ, 08-Jul-2021,717.15,720.1,733.9,715.05, 732.90,730.05,727.51,368803,2683.06,16213, 132835, 36.02,1.8
PRINCEPIPE, EQ, 08-Jul-2022,599.05,604.7,604.7,593.5,595.0,594.9,596.06,66996,399.34,7994, 38535, 57.52,-0.69
PRINCEPIPE, EQ, 08-Jul-2024,693.35,693.35,700.0,678.0,686.0,681.9,685.1,109115,747.55,9251, 59505, 54.53,-1.65
PRINCEPIPE, EQ, 08-Aug-2022,633.45,638.7,649.6,627.05,636.0,635.2,639.97,416884,2667.93,19983,116285,27.89,0.28
PRINCEPIPE, EQ, 08-Aug-2023,677.5,681.0,686.25,675.8, 685.10,684.2,682.66,185972,1269.55,12480, 93397, 50.22,0.99
PRINCEPIPE, EQ, 08-Aug-2024,582.4,594.95,614.9,589.05,605.0,606.0,604.93,505790,3059.66,27296, 93446, 18.48,4.05
PRINCEPIPE, EQ, 08-Sep-2020,205.2,204.5,204.5,195.0, 199.00,197.15,198.76,767436,1525.35,10272, 321042, 41.83,-3.92
PRINCEPIPE, EQ, 08-Sep-2021,669.5,672.95,701.8,664.25, 696.90,696.1,688.06,733696,5048.28,30812, 236232, 32.20,3.97
PRINCEPIPE, EQ, 08-Sep-2022,596.55,599.95,608.0,599.0, 600.95,600.3,602.55,120871,728.31,7448, 58277, 48.21,0.63
PRINCEPIPE, EQ, 08-Sep-2023,714.45,714.45,739.45,714.45, 736.00,732.8,731.5,249782,1827.16,13880, 118083, 47.27,2.57
PRINCEPIPE, EQ, 08-Oct-2020,244.5,246.45,248.0,232.0,234.5,234.15,239.05,266864,637.93,5978, 157570, 59.05,-4.23
PRINCEPIPE, EQ, 08-Oct-2021,719.55,726.9,767.85,722.15, 753.90,749.4,750.48,1534646,11517.2,59985, 604609, 39.40,4.15
PRINCEPIPE, EQ, 08-Oct-2024,544.5,546.0,554.45,542.1,548.0,547.6,547.64,98018,536.79,6149, 44504, 45.40,0.57
PRINCEPIPE, EQ, 08-Nov-2021,760.4,768.0,850.0,763.35, 842.00,843.95,820.06,3175988,26045.13,107470, 893096, 28.12,10.99
PRINCEPIPE, EQ, 08-Nov-2023,625.2,684.8,750.2,660.0, 722.00,720.6,708.59,11852020,83982.43,224883, 784791, 6.62,15.26
PRINCEPIPE, EQ, 08-Nov-2024,476.55,474.0,474.35,460.5, 464.90,464.55,466.3,394090,1837.66,27384, 139072, 35.29,-2.52
PRINCEPIPE, EQ, 08-Dec-2020,269.5,271.0,283.0,268.55,274.0,275.35,276.7,352963,976.65,9198, 176223, 49.93,2.17
PRINCEPIPE, EQ, 08-Dec-2021,732.85,745.7,745.7,723.0,735.75,730.35,733.48,219305,1608.55,18414, 125716, 57.32,-0.34
PRINCEPIPE, EQ, 08-Dec-2022,619.1,614.0,630.0,603.0, 625.00,618.7,612.69,303685,1860.64,13167, 79853, 26.29,-0.06
PRINCEPIPE, EQ, 08-Dec-2023,701.6,702.0,706.2,680.0, 690.75,688.95,693.34,269129,1865.99,20287, 116776, 43.39,-1.8
PRINCEPIPE, EQ, 09-Jan-2020,153.25,155.5,169.0,153.05, 159.80,161.9,163.64,3636245,5950.31,42878, 1181655, 32.50,5.64
PRINCEPIPE, EQ, 09-Jan-2023,593.2,605.15,605.15,591.25,596.05,596.55,597.87,67476,403.42,6720, 27159, 40.25,0.56
PRINCEPIPE, EQ, 09-Jan-2024,733.6,738.0,744.25,726.1,729.0,729.0,736.37,119770,881.95,8009, 36821, 30.74,-0.63
PRINCEPIPE, EQ, 09-Jan-2025,405.6,405.05,407.95,402.05,403.0,402.8,403.5,88653,357.71,8306, 40558, 45.75,-0.69
PRINCEPIPE, EQ, 09-Feb-2021,397.25,399.45,405.0,391.75, 400.05,397.05,397.91,196992,783.85,7024, 115543, 58.65,-0.05
PRINCEPIPE, EQ, 09-Feb-2022,695.3,700.8,706.9,685.0, 688.00,689.55,695.87,104791,729.21,8336, 62825, 59.95,-0.83
PRINCEPIPE, EQ, 09-Feb-2023,613.1,610.0,615.8,585.15, 598.25,595.25,600.85,115202,692.19,7508, 40794, 35.41,-2.91
PRINCEPIPE, EQ, 09-Feb-2024,656.45,660.0,660.25,632.7, 636.45,635.4,642.17,198191,1272.73,19625, 102963, 51.95,-3.21
PRINCEPIPE, EQ, 09-Mar-2020,147.7,144.8,145.45,137.0, 137.80,138.25,139.91,232307,325.02,6886, 126043, 54.26,-6.4
PRINCEPIPE, EQ, 09-Mar-2021,445.5,451.1,462.35,433.3, 445.00,442.9,447.89,395771,1772.6,14814, 168764, 42.64,-0.58
PRINCEPIPE, EQ, 09-Mar-2022,625.35,630.0,639.7,622.0, 631.70,631.8,631.38,160721,1014.76,11422, 78303, 48.72,1.03
PRINCEPIPE, EQ, 09-Mar-2023,595.25,592.45,598.9,588.0, 588.20,591.15,593.63,69915,415.04,6257, 25545, 36.54,-0.69
PRINCEPIPE, EQ, 09-Apr-2020,103.65,105.7,114.0,100.0, 111.75,110.95,109.09,117102,127.75,2810, 42669, 36.44,7.04
PRINCEPIPE, EQ, 09-Apr-2021,476.4,478.8,548.0,476.5,517.9,518.6,516.38,1409318,7277.44,74074, 370206, 26.27,8.86
PRINCEPIPE, EQ, 09-Apr-2024,608.65,611.95,625.7,605.05, 622.50,619.95,617.51,216045,1334.11,18490, 105379, 48.78,1.86
PRINCEPIPE, EQ, 09-Apr-2025,244.0,244.45,244.45,237.8,244.0,243.11,241.14,107176,258.44,9320, 45265, 42.23,-0.36
PRINCEPIPE, EQ, 09-May-2022,649.45,647.95,660.0,630.0, 655.90,647.35,639.17,131350,839.55,13176, 51282, 39.04,-0.32
PRINCEPIPE, EQ, 09-May-2023,609.45,603.9,617.0,603.9,605.6,607.35,611.13,69795,426.54,5177, 30842, 44.19,-0.34
PRINCEPIPE, EQ, 09-May-2024,626.15,629.4,630.0,615.0,628.25,627.65,624.32,85294,532.51,7772, 52554, 61.62,0.24
PRINCEPIPE, EQ, 09-Jun-2020,118.75,124.65,124.65,112.85, 112.85,112.85,120.87,345369,417.45,3521, 296252, 85.78,-4.97
PRINCEPIPE, EQ, 09-Jun-2021,713.3,711.8,718.45,700.6,702.85,703.35,709.63,248821,1765.71,13950, 154211, 61.98,-1.39
PRINCEPIPE, EQ, 09-Jun-2022,602.25,602.25,612.0,597.25, 604.00,603.8,604.47,154748,935.41,16550, 69075, 44.64,0.26
PRINCEPIPE, EQ, 09-Jun-2023,645.75,646.0,653.7,644.0, 648.95,648.2,648.49,188831,1224.56,6723, 106311, 56.30,0.38
PRINCEPIPE, EQ, 09-Jul-2020,113.65,114.5,114.5,110.55, 112.40,112.1,112.09,99949,112.03,1739, 64844, 64.88,-1.36
PRINCEPIPE, EQ, 09-Jul-2021,730.05,730.05,739.9,723.3,730.0,729.7,731.92,280759,2054.92,14883, 105061, 37.42,-0.05
PRINCEPIPE, EQ, 09-Jul-2024,681.9,682.85,686.85,672.15,682.0,679.35,677.07,106124,718.54,7513, 55220, 52.03,-0.37
PRINCEPIPE, EQ, 09-Aug-2021,665.2,680.5,681.85,647.0, 654.95,652.4,665.54,505605,3365.01,27979, 259105, 51.25,-1.92
PRINCEPIPE, EQ, 09-Aug-2023,684.2,686.7,686.7,673.05, 680.00,681.05,680.03,126435,859.79,8766, 67008, 53.00,-0.46
PRINCEPIPE, EQ, 09-Aug-2024,606.0,617.8,617.8,593.0,596.0,594.65,599.06,123727,741.19,9797, 65416, 52.87,-1.87
PRINCEPIPE, EQ, 09-Sep-2020,197.15,194.9,211.7,190.0, 204.00,203.85,201.81,857487,1730.52,12589, 320145, 37.34,3.4
PRINCEPIPE, EQ, 09-Sep-2021,696.1,700.9,730.0,699.0, 719.00,718.7,720.37,1189466,8568.6,34824, 454893, 38.24,3.25
PRINCEPIPE, EQ, 09-Sep-2022,600.3,603.55,606.45,598.2, 601.70,601.35,602.01,80502,484.63,5475, 38610, 47.96,0.17
PRINCEPIPE, EQ, 09-Sep-2024,558.55,561.0,563.35,544.5,545.0,546.6,550.33,425050,2339.18,22200, 292520, 68.82,-2.14
PRINCEPIPE, EQ, 09-Oct-2020,234.15,236.3,241.0,233.1, 234.00,234.05,235.88,136630,322.28,3328, 71217, 52.12,-0.04
PRINCEPIPE, EQ, 09-Oct-2023,668.35,666.95,666.95,650.45, 657.00,659.7,658.26,64771,426.36,6272, 32049, 49.48,-1.29
PRINCEPIPE, EQ, 09-Oct-2024,547.6,549.0,552.8,545.3,548.0,546.85,548.6,98786,541.94,7779, 60638, 61.38,-0.14
PRINCEPIPE, EQ, 09-Nov-2020,240.05,241.95,245.0,240.0, 241.00,240.2,241.1,94395,227.59,1643, 71117, 75.34,0.06
PRINCEPIPE, EQ, 09-Nov-2021,843.95,850.0,897.0,849.5,859.0,859.2,874.98,2681960,23466.51,108251, 906173, 33.79,1.81
PRINCEPIPE, EQ, 09-Nov-2022,564.25,565.0,569.0,560.95, 566.00,567.6,564.87,123225,696.06,9345, 71976, 58.41,0.59
PRINCEPIPE, EQ, 09-Nov-2023,720.6,729.0,732.0,705.0, 711.00,710.4,719.47,1432005,10302.8,36334, 181010, 12.64,-1.42
PRINCEPIPE, EQ, 09-Dec-2020,275.35,276.75,283.5,271.2,276.6,277.6,279.29,295628,825.65,8851, 175127, 59.24,0.82
PRINCEPIPE, EQ, 09-Dec-2021,730.35,744.7,744.7,723.0, 730.90,726.7,730.21,155103,1132.58,11311, 79211, 51.07,-0.5
PRINCEPIPE, EQ, 09-Dec-2022,618.7,620.0,624.85,613.0, 620.00,615.95,617.59,151859,937.87,9279, 65722, 43.28,-0.44
PRINCEPIPE, EQ, 09-Dec-2024,436.25,437.15,439.4,432.95,433.95,433.9,435.89,125140,545.48,9699, 71105, 56.82,-0.54
PRINCEPIPE, EQ, 10-Jan-2020,161.9,160.85,166.8,159.35, 165.05,165.3,163.73,1506054,2465.83,15108, 467684, 31.05,2.1
PRINCEPIPE, EQ, 10-Jan-2022,690.0,695.05,700.05,690.1,693.05,691.65,695.14,292179,2031.05,19156, 187240, 64.08,0.24
PRINCEPIPE, EQ, 10-Jan-2023,596.55,596.55,600.35,588.15,590.0,591.2,596.45,63938,381.36,4240, 37152, 58.11,-0.9
PRINCEPIPE, EQ, 10-Jan-2024,729.0,730.0,748.7,721.55, 727.00,729.0,732.75,129102,945.99,12011, 40808, 31.61,0.0
PRINCEPIPE, EQ, 10-Jan-2025,402.8,402.05,405.05,393.7,403.25,398.05,397.64,125772,500.12,13260, 51729, 41.13,-1.18
PRINCEPIPE, EQ, 10-Feb-2020,172.15,171.5,180.9,171.5, 179.25,179.35,178.12,772255,1375.51,20760, 385892, 49.97,4.18
PRINCEPIPE, EQ, 10-Feb-2021,397.05,398.0,423.9,392.0,418.0,417.1,411.68,307890,1267.51,9602, 120544, 39.15,5.05
PRINCEPIPE, EQ, 10-Feb-2022,689.55,694.0,696.35,678.1,692.0,689.8,687.26,83134,571.35,6105, 40857, 49.15,0.04
PRINCEPIPE, EQ, 10-Feb-2023,595.25,596.0,599.95,570.0, 576.20,574.2,580.56,188287,1093.13,13485, 101134, 53.71,-3.54
PRINCEPIPE, EQ, 10-Feb-2025,376.05,376.05,377.0,367.4,369.0,368.85,369.99,71487,264.5,5965, 50288, 70.35,-1.91
PRINCEPIPE, EQ, 10-Mar-2021,442.9,446.0,459.0,441.0, 448.00,450.65,445.49,496560,2212.14,12735, 289079, 58.22,1.75
PRINCEPIPE, EQ, 10-Mar-2022,631.8,643.7,661.45,638.2, 655.50,655.15,649.96,235120,1528.18,18046, 118454, 50.38,3.7
PRINCEPIPE, EQ, 10-Mar-2023,591.15,588.0,597.2,580.0, 592.85,586.05,587.32,58440,343.23,6506, 20467, 35.02,-0.86
PRINCEPIPE, EQ, 10-Mar-2025,278.1,278.0,279.95,267.0,268.0,267.85,271.39,204810,555.83,13259, 102238, 49.92,-3.69
PRINCEPIPE, EQ, 10-Apr-2023,566.3,566.25,568.85,557.0, 563.00,562.3,560.69,60143,337.22,5514, 26740, 44.46,-0.71
PRINCEPIPE, EQ, 10-Apr-2024,619.95,623.0,626.7,610.2, 614.80,618.7,620.78,113175,702.57,8195, 56780, 50.17,-0.2
PRINCEPIPE, EQ, 10-May-2021,579.35,583.4,590.2,570.0, 574.70,573.05,581.38,334724,1946.01,17039, 155030, 46.32,-1.09
PRINCEPIPE, EQ, 10-May-2022,647.35,647.0,664.95,641.05, 645.00,645.7,651.47,126110,821.56,9330, 55512, 44.02,-0.25
PRINCEPIPE, EQ, 10-May-2023,607.35,607.35,609.95,603.2,605.4,606.5,605.84,50941,308.62,3862, 30296, 59.47,-0.14
PRINCEPIPE, EQ, 10-May-2024,627.65,630.0,644.0,621.0,641.0,639.05,636.13,165307,1051.56,14941, 80488, 48.69,1.82
PRINCEPIPE, EQ, 10-Jun-2020,112.85,107.25,112.0,107.25, 107.25,107.25,107.97,286525,309.35,3546, 164953, 57.57,-4.96
PRINCEPIPE, EQ, 10-Jun-2021,703.35,703.8,734.95,703.0, 721.00,719.65,720.57,363699,2620.72,22412, 178048, 48.95,2.32
PRINCEPIPE, EQ, 10-Jun-2022,603.8,599.0,608.7,598.0,608.0,606.85,602.7,98294,592.41,7813, 51976, 52.88,0.51
PRINCEPIPE, EQ, 10-Jun-2024,650.4,665.0,666.0,644.1,646.6,648.3,650.58,186290,1211.97,9971, 69689, 37.41,-0.32
PRINCEPIPE, EQ, 10-Jul-2020,112.1,112.4,112.9,109.0,109.4,109.3,110.28,106175,117.09,2041, 60993, 57.45,-2.5
PRINCEPIPE, EQ, 10-Jul-2023,642.85,643.0,650.8,636.1,642.45,644.1,644.34,131259,845.75,8569, 58752, 44.76,0.19
PRINCEPIPE, EQ, 10-Jul-2024,679.35,685.0,688.25,666.95,676.7,676.7,675.65,325299,2197.88,5825, 279358, 85.88,-0.39
PRINCEPIPE, EQ, 10-Aug-2020,137.25,138.4,154.0,138.4, 149.75,150.15,148.97,1210870,1803.81,22587, 470256, 38.84,9.4
PRINCEPIPE, EQ, 10-Aug-2021,652.4,660.0,664.4,632.0, 644.90,642.55,648.37,365805,2371.77,19218, 196320, 53.67,-1.51
PRINCEPIPE, EQ, 10-Aug-2022,635.2,603.0,611.8,592.0,610.5,608.4,603.0,835068,5035.47,30553, 522215, 62.54,-4.22
PRINCEPIPE, EQ, 10-Aug-2023,681.05,680.3,723.65,678.5, 710.00,706.65,712.11,1414968,10076.15,40892, 515377, 36.42,3.76
PRINCEPIPE, EQ, 10-Sep-2020,203.85,206.05,213.9,206.05, 209.50,209.1,210.16,672772,1413.93,10285, 234461, 34.85,2.58
PRINCEPIPE, EQ, 10-Sep-2024,546.6,556.2,575.0,552.0,574.75,570.9,566.31,992408,5620.09,36674, 437912, 44.13,4.45
PRINCEPIPE, EQ, 10-Oct-2022,581.35,576.1,582.0,575.0, 581.95,579.75,578.88,52606,304.53,5511, 28161, 53.53,-0.28
PRINCEPIPE, EQ, 10-Oct-2023,659.7,668.95,669.9,654.0, 660.55,659.1,662.35,74309,492.18,6468, 36204, 48.72,-0.09
PRINCEPIPE, EQ, 10-Oct-2024,546.85,547.0,552.0,545.5,548.0,548.6,548.03,79192,434.0,5088, 42591, 53.78,0.32
PRINCEPIPE, EQ, 10-Nov-2020,240.2,241.05,242.9,239.9, 240.40,240.15,240.26,67655,162.55,1017, 49446, 73.09,-0.02
PRINCEPIPE, EQ, 10-Nov-2021,859.2,838.0,855.95,795.0, 839.95,838.5,833.84,1031381,8600.1,39090, 397100, 38.50,-2.41
PRINCEPIPE, EQ, 10-Nov-2022,567.6,526.0,585.0,510.0, 578.00,573.1,551.25,613898,3384.13,31859, 189869, 30.93,0.97
PRINCEPIPE, EQ, 10-Nov-2023,710.4,708.8,724.65,694.7,711.0,712.45,713.21,730768,5211.93,19107, 143687, 19.66,0.29
PRINCEPIPE, EQ, 10-Dec-2020,277.6,272.35,278.0,265.05, 274.15,274.35,272.1,288093,783.89,8469, 136385, 47.34,-1.17
PRINCEPIPE, EQ, 10-Dec-2021,726.7,720.0,734.8,720.0, 729.00,725.75,727.5,125635,913.99,9884, 72258, 57.51,-0.13
PRINCEPIPE, EQ, 10-Dec-2024,433.9,433.05,434.5,425.0,426.3,426.5,429.81,186054,799.67,10871, 121357, 65.23,-1.71
PRINCEPIPE, EQ, 11-Jan-2021,298.05,304.0,304.0,281.1, 293.85,293.0,293.21,169970,498.37,4282, 91562, 53.87,-1.69
PRINCEPIPE, EQ, 11-Jan-2022,691.65,694.8,697.0,690.05,692.0,690.95,691.86,251407,1739.39,14975, 170012, 67.62,-0.1
PRINCEPIPE, EQ, 11-Jan-2023,591.2,588.0,593.35,580.0, 583.50,582.6,585.79,28393,166.32,3812, 12506, 44.05,-1.45
PRINCEPIPE, EQ, 11-Jan-2024,729.0,733.0,737.0,724.0, 734.00,730.65,729.19,89273,650.97,6582, 40241, 45.08,0.23
PRINCEPIPE, EQ, 11-Feb-2020,179.35,180.05,183.4,175.4, 176.95,176.95,180.19,748593,1348.93,11224, 321522, 42.95,-1.34
PRINCEPIPE, EQ, 11-Feb-2021,417.1,419.95,434.75,415.0,416.9,417.85,424.06,268275,1137.65,8186, 128607, 47.94,0.18
PRINCEPIPE, EQ, 11-Feb-2022,689.8,680.0,692.0,680.0,682.95,682.3,684.29,123186,842.95,10777, 75214, 61.06,-1.09
PRINCEPIPE, EQ, 11-Feb-2025,368.85,369.1,369.1,336.1,337.0,341.3,346.98,300134,1041.41,23802, 126874, 42.27,-7.47
PRINCEPIPE, EQ, 11-Mar-2020,138.25,137.9,142.15,130.85, 131.00,132.0,134.58,267187,359.58,4709, 178421, 66.78,-4.52
PRINCEPIPE, EQ, 11-Mar-2022,655.15,659.95,669.8,649.0, 665.00,662.85,663.4,124219,824.07,9154, 50117, 40.35,1.18
PRINCEPIPE, EQ, 11-Mar-2024,568.15,568.5,571.9,557.15, 558.70,558.85,560.99,118845,666.71,12317, 70756, 59.54,-1.64
PRINCEPIPE, EQ, 11-Mar-2025,267.85,265.0,266.3,258.4,259.25,259.3,259.95,327576,851.53,21589, 154070, 47.03,-3.19
PRINCEPIPE, EQ, 11-Apr-2022,711.3,716.7,730.0,706.55,714.6,711.05,718.12,226626,1627.44,11251, 78682, 34.72,-0.04
PRINCEPIPE, EQ, 11-Apr-2023,562.3,567.9,589.8,563.25, 589.00,587.0,581.33,202012,1174.36,13428, 55828, 27.64,4.39
PRINCEPIPE, EQ, 11-Apr-2025,243.11,245.6,251.5,244.36,247.0,247.42,246.51,124880,307.84,9276, 51446, 41.20,1.77
PRINCEPIPE, EQ, 11-May-2020,84.9,84.4,87.95,84.4, 85.90,85.9,85.84,580803,498.56,1428, 543048, 93.50,1.18
PRINCEPIPE, EQ, 11-May-2021,573.05,570.0,589.7,567.65, 587.20,585.65,580.93,292473,1699.05,16365, 130327, 44.56,2.2
PRINCEPIPE, EQ, 11-May-2022,645.7,654.0,656.4,615.25,627.0,625.6,633.03,203447,1287.89,14496, 102066, 50.17,-3.11
PRINCEPIPE, EQ, 11-May-2023,606.5,608.0,611.55,604.5, 605.00,605.1,606.38,45660,276.87,4018, 21435, 46.94,-0.23
PRINCEPIPE, EQ, 11-Jun-2020,107.25,101.9,101.9,101.9, 101.90,101.9,101.9,62858,64.05,1024, 62845, 99.98,-4.99
PRINCEPIPE, EQ, 11-Jun-2021,719.65,725.05,728.75,708.75, 710.00,711.9,717.26,226795,1626.7,23582, 148271, 65.38,-1.08
PRINCEPIPE, EQ, 11-Jun-2024,648.3,649.65,686.45,642.1,672.8,671.5,671.96,513263,3448.9,26103, 185174, 36.08,3.58
PRINCEPIPE, EQ, 11-Jul-2022,594.9,594.4,594.65,581.65,589.7,588.45,586.62,326672,1916.33,9281, 283355, 86.74,-1.08
PRINCEPIPE, EQ, 11-Jul-2023,644.1,647.45,647.45,631.0, 640.00,638.45,638.53,110558,705.94,8358, 64447, 58.29,-0.88
PRINCEPIPE, EQ, 11-Jul-2024,676.7,680.0,680.9,674.0,680.35,679.6,678.01,69370,470.34,4896, 43481, 62.68,0.43
PRINCEPIPE, EQ, 11-Aug-2020,150.15,151.7,165.0,143.0,154.8,156.05,157.69,1412474,2227.28,25848, 431289, 30.53,3.93
PRINCEPIPE, EQ, 11-Aug-2021,642.55,642.55,655.0,622.0, 639.00,636.75,633.69,384027,2433.56,32600, 176619, 45.99,-0.9
PRINCEPIPE, EQ, 11-Aug-2022,608.4,624.0,624.55,596.0,601.8,600.85,602.27,364805,2197.13,23600, 172537, 47.30,-1.24
PRINCEPIPE, EQ, 11-Aug-2023,706.65,691.95,708.8,652.0, 687.95,689.9,685.01,1089288,7461.72,38002, 437092, 40.13,-2.37
PRINCEPIPE, EQ, 11-Sep-2020,209.1,207.1,210.95,203.1, 203.50,204.25,205.94,300513,618.86,5064, 102930, 34.25,-2.32
PRINCEPIPE, EQ, 11-Sep-2023,732.8,739.85,747.05,724.1, 740.10,742.05,736.16,241002,1774.17,13734, 148644, 61.68,1.26
PRINCEPIPE, EQ, 11-Sep-2024,570.9,574.95,580.0,563.35,577.0,575.75,571.65,235816,1348.03,12470, 123374, 52.32,0.85
PRINCEPIPE, EQ, 11-Oct-2021,749.4,775.0,784.0,744.0, 752.70,751.45,763.47,976444,7454.9,43129, 500254, 51.23,0.27
PRINCEPIPE, EQ, 11-Oct-2022,579.75,581.8,582.8,574.7, 578.00,576.05,579.18,86362,500.19,6578, 24026, 27.82,-0.64
PRINCEPIPE, EQ, 11-Oct-2023,659.1,665.0,674.75,664.3, 672.05,672.45,670.28,96638,647.75,8086, 52274, 54.09,2.03
PRINCEPIPE, EQ, 11-Oct-2024,548.6,552.9,553.2,546.45,547.7,546.95,548.25,59322,325.23,4248, 38765, 65.35,-0.3
PRINCEPIPE, EQ, 11-Nov-2020,240.15,241.05,244.0,239.2, 240.50,241.1,241.4,99458,240.09,1783, 68304, 68.68,0.4
PRINCEPIPE, EQ, 11-Nov-2021,838.5,838.0,859.6,830.6, 843.55,835.85,847.24,811400,6874.48,27319, 515889, 63.58,-0.32
PRINCEPIPE, EQ, 11-Nov-2022,573.1,580.0,582.75,564.0,565.4,572.1,571.47,189025,1080.23,9643, 76272, 40.35,-0.17
PRINCEPIPE, EQ, 11-Nov-2024,464.55,464.0,475.0,450.0, 451.50,450.95,454.74,247951,1127.54,18356, 111980, 45.16,-2.93
PRINCEPIPE, EQ, 11-Dec-2020,274.35,276.35,282.0,267.85, 269.95,269.2,274.36,247565,679.21,7195, 136999, 55.34,-1.88
PRINCEPIPE, EQ, 11-Dec-2023,688.95,675.55,713.15,675.55, 711.00,710.1,701.77,362144,2541.42,24649, 151964, 41.96,3.07
PRINCEPIPE, EQ, 11-Dec-2024,426.5,428.6,438.0,427.55,429.9,429.9,430.62,268103,1154.49,17225, 117228, 43.72,0.8
PRINCEPIPE, EQ, 12-Jan-2021,293.0,298.0,298.3,292.4, 294.40,295.15,295.62,124355,367.62,2992, 78749, 63.33,0.73
PRINCEPIPE, EQ, 12-Jan-2022,690.95,695.0,700.0,692.0,696.7,696.05,696.61,233289,1625.1,14860, 146006, 62.59,0.74
PRINCEPIPE, EQ, 12-Jan-2023,582.6,584.0,585.8,572.6, 580.00,576.55,579.51,43939,254.63,4893, 17774, 40.45,-1.04
PRINCEPIPE, EQ, 12-Jan-2024,730.65,735.0,737.3,721.0,723.5,722.45,724.03,211136,1528.68,8113, 169081, 80.08,-1.12
PRINCEPIPE, EQ, 12-Feb-2020,176.95,180.0,181.9,171.05, 181.00,178.75,177.59,1815590,3224.31,18227, 846009, 46.60,1.02
PRINCEPIPE, EQ, 12-Feb-2021,417.85,419.8,420.9,401.1,412.0,409.6,412.67,142137,586.56,6240, 72704, 51.15,-1.97
PRINCEPIPE, EQ, 12-Feb-2024,635.4,647.0,652.0,617.0, 620.55,619.65,625.1,214184,1338.87,20887, 86628, 40.45,-2.48
PRINCEPIPE, EQ, 12-Feb-2025,341.3,325.05,328.5,290.9,295.0,293.7,304.68,1620770,4938.13,80550, 428695, 26.45,-13.95
PRINCEPIPE, EQ, 12-Mar-2020,132.0,125.0,125.0,106.0, 109.50,108.55,116.77,263135,307.27,6536, 129419, 49.18,-17.77
PRINCEPIPE, EQ, 12-Mar-2021,450.65,450.1,479.0,438.5, 444.60,443.65,457.16,504726,2307.41,21091, 166370, 32.96,-1.55
PRINCEPIPE, EQ, 12-Mar-2024,558.85,557.1,560.35,544.65, 544.90,547.6,551.64,145699,803.74,12568, 100807, 69.19,-2.01
PRINCEPIPE, EQ, 12-Mar-2025,259.3,259.3,261.75,252.0,254.7,253.65,254.54,202774,516.14,22521, 92160, 45.45,-2.18
PRINCEPIPE, EQ, 12-Apr-2021,518.6,505.0,509.65,462.25, 475.00,474.5,481.66,517226,2491.26,25424, 204835, 39.60,-8.5
PRINCEPIPE, EQ, 12-Apr-2022,711.05,712.7,718.15,696.6, 706.00,705.7,705.31,180237,1271.23,9903, 73338, 40.69,-0.75
PRINCEPIPE, EQ, 12-Apr-2023,587.0,594.7,625.0,584.35, 586.80,588.4,609.97,1678865,10240.52,51743, 201920, 12.03,0.24
PRINCEPIPE, EQ, 12-Apr-2024,618.7,615.0,622.7,610.0, 611.95,611.9,617.38,280457,1731.48,8363, 234765, 83.71,-1.1
PRINCEPIPE, EQ, 12-May-2020,85.9,85.5,85.5,80.8, 83.45,83.15,82.39,128766,106.09,3100, 69382, 53.88,-3.2
PRINCEPIPE, EQ, 12-May-2021,585.65,592.7,604.3,555.5,569.9,572.85,581.99,722209,4203.22,31420, 273100, 37.81,-2.19
PRINCEPIPE, EQ, 12-May-2022,625.6,612.0,632.0,611.95,630.0,627.8,623.9,113855,710.35,8147, 44214, 38.83,0.35
PRINCEPIPE, EQ, 12-May-2023,605.1,607.95,607.95,596.9, 603.00,599.95,601.14,101074,607.6,6202, 64716, 64.03,-0.85
PRINCEPIPE, EQ, 12-Jun-2020,101.9,96.85,106.0,96.85, 99.00,99.7,99.9,870364,869.53,6815, 487752, 56.04,-2.16
PRINCEPIPE, EQ, 12-Jun-2023,648.2,650.05,675.3,650.05, 656.00,654.5,665.3,771982,5136.0,25392, 225574, 29.22,0.97
PRINCEPIPE, EQ, 12-Jun-2024,671.5,679.95,689.95,670.15,681.0,684.05,681.65,336655,2294.82,20678, 151442, 44.98,1.87
PRINCEPIPE, EQ, 12-Jul-2021,729.7,731.0,740.0,726.1, 732.00,731.15,733.54,236467,1734.57,13716, 77612, 32.82,0.2
PRINCEPIPE, EQ, 12-Jul-2022,588.45,589.5,597.5,586.55,592.2,590.8,594.22,104181,619.06,9558, 67372, 64.67,0.4
PRINCEPIPE, EQ, 12-Jul-2023,638.45,641.8,643.55,631.5, 634.50,633.9,636.02,90866,577.93,5899, 47913, 52.73,-0.71
PRINCEPIPE, EQ, 12-Jul-2024,679.6,677.55,681.9,655.3,668.0,667.4,669.68,172069,1152.32,13015, 87814, 51.03,-1.8
PRINCEPIPE, EQ, 12-Aug-2020,156.05,154.3,159.45,151.0,153.0,152.5,155.54,457210,711.15,6986, 120211, 26.29,-2.27
PRINCEPIPE, EQ, 12-Aug-2021,636.75,642.9,669.8,640.0, 662.00,659.45,655.37,256143,1678.69,11838, 97231, 37.96,3.56
PRINCEPIPE, EQ, 12-Aug-2022,600.85,605.0,605.7,597.8,600.0,599.85,599.98,141714,850.25,9729, 68948, 48.65,-0.17
PRINCEPIPE, EQ, 12-Aug-2024,594.65,594.65,601.95,589.5,597.0,596.55,595.54,73232,436.12,7427, 33121, 45.23,0.32
PRINCEPIPE, EQ, 12-Sep-2022,601.35,602.0,612.0,602.0, 605.75,603.4,607.32,222778,1352.99,8727, 67273, 30.20,0.34
PRINCEPIPE, EQ, 12-Sep-2023,742.05,745.0,748.55,711.55, 744.80,743.35,737.3,430303,3172.62,21357, 261310, 60.73,0.18
PRINCEPIPE, EQ, 12-Sep-2024,575.75,578.0,580.95,567.7,580.0,576.75,573.12,144492,828.11,10737, 71401, 49.42,0.17
PRINCEPIPE, EQ, 12-Oct-2020,234.05,235.0,237.8,220.0, 221.00,221.2,225.26,289575,652.3,12953, 175204, 60.50,-5.49
PRINCEPIPE, EQ, 12-Oct-2021,751.45,758.4,758.4,735.5, 747.00,745.3,742.21,420047,3117.64,18427, 213526, 50.83,-0.82
PRINCEPIPE, EQ, 12-Oct-2022,576.05,578.0,579.8,573.0, 579.00,578.1,576.56,63269,364.78,5981, 36740, 58.07,0.36
PRINCEPIPE, EQ, 12-Oct-2023,672.45,674.95,679.95,665.05, 676.30,675.75,673.15,102349,688.96,6867, 55030, 53.77,0.49
PRINCEPIPE, EQ, 12-Nov-2020,241.1,241.0,245.0,240.0, 240.80,240.15,241.21,64905,156.56,1069, 42931, 66.14,-0.39
PRINCEPIPE, EQ, 12-Nov-2021,835.85,845.6,859.0,829.9, 857.60,851.4,842.35,337730,2844.86,14880, 174330, 51.62,1.86
PRINCEPIPE, EQ, 12-Nov-2024,450.95,452.0,458.0,450.95,454.0,453.85,454.51,145927,663.26,8702, 78817, 54.01,0.64
PRINCEPIPE, EQ, 12-Dec-2022,615.95,611.0,618.35,603.0, 614.50,615.1,612.7,149568,916.4,11900, 57463, 38.42,-0.14
PRINCEPIPE, EQ, 12-Dec-2023,710.1,710.65,715.95,702.4, 710.00,709.85,709.45,227457,1613.69,12857, 118801, 52.23,-0.04
PRINCEPIPE, EQ, 12-Dec-2024,429.9,430.45,439.85,423.0,425.0,424.3,429.21,286064,1227.82,19400, 130183, 45.51,-1.3
PRINCEPIPE, EQ, 13-Jan-2020,165.3,167.0,174.4,166.2, 169.50,169.45,170.73,2035350,3474.88,21534, 970376, 47.68,2.51
PRINCEPIPE, EQ, 13-Jan-2021,295.15,295.15,297.95,290.0, 293.85,292.0,293.67,209506,615.25,6325, 98952, 47.23,-1.07
PRINCEPIPE, EQ, 13-Jan-2022,696.05,698.0,713.2,678.7, 706.30,700.4,686.92,2016314,13850.49,32620, 1353487, 67.13,0.62
PRINCEPIPE, EQ, 13-Jan-2023,576.55,576.55,597.2,576.55,590.1,591.35,588.41,77855,458.1,5540, 22397, 28.77,2.57
PRINCEPIPE, EQ, 13-Jan-2025,398.05,399.0,404.0,392.3,395.1,394.4,397.15,135482,538.07,14122, 63399, 46.80,-0.92
PRINCEPIPE, EQ, 13-Feb-2020,178.75,180.1,186.9,178.05, 185.35,184.95,184.67,1685166,3111.93,24738, 828803, 49.18,3.47
PRINCEPIPE, EQ, 13-Feb-2023,574.2,584.8,584.8,560.65,577.9,579.15,575.26,125464,721.75,10072, 53027, 42.26,0.86
PRINCEPIPE, EQ, 13-Feb-2024,619.65,623.0,623.0,592.0, 595.95,595.7,602.09,432744,2605.52,26413, 265146, 61.27,-3.87
PRINCEPIPE, EQ, 13-Feb-2025,293.7,290.85,308.25,283.4,287.0,287.0,293.77,802695,2358.11,54690, 234684, 29.24,-2.28
PRINCEPIPE, EQ, 13-Mar-2020,108.55,96.2,110.0,89.0, 108.45,105.15,103.37,523563,541.23,11270, 330142, 63.06,-3.13
PRINCEPIPE, EQ, 13-Mar-2023,586.05,581.05,584.6,575.0, 578.40,579.65,579.86,45604,264.44,5783, 21494, 47.13,-1.09
PRINCEPIPE, EQ, 13-Mar-2024,547.6,548.0,549.0,527.0, 532.95,530.2,534.38,189334,1011.76,18824, 108463, 57.29,-3.18
PRINCEPIPE, EQ, 13-Mar-2025,253.65,254.95,256.0,248.0,248.05,248.7,250.68,188119,471.57,12941, 96194, 51.13,-1.95
PRINCEPIPE, EQ, 13-Apr-2020,110.95,109.0,112.0,104.1, 108.25,108.15,108.13,45189,48.86,1449,26129,62.8,-2.52
PRINCEPIPE, EQ, 13-Apr-2021,474.5,478.0,518.0,470.0, 500.50,501.8,490.63,487713,2392.85,28112, 117439, 24.08,5.75
PRINCEPIPE, EQ, 13-Apr-2022,705.7,708.0,717.7,696.0,700.05,698.55,705.21,144699,1020.43,7629, 60883, 42.08,-1.01
PRINCEPIPE, EQ, 13-Apr-2023,588.4,593.0,595.65,585.0, 593.00,591.5,589.94,113127,667.38,6710, 26377, 23.32,0.53
PRINCEPIPE, EQ, 13-May-2020,83.15,87.75,87.75,83.6,85.0,84.95,85.02,156620,133.15,1650, 117407, 74.96,2.16
PRINCEPIPE, EQ, 13-May-2022,627.8,640.0,654.0,625.2,631.85,630.15,642.64,177897,1143.23,15878, 83408, 46.89,0.37
PRINCEPIPE, EQ, 13-May-2024,639.05,638.75,644.0,633.0,643.5,641.6,635.6,330149,2098.43,8053, 288271, 87.32,0.4
PRINCEPIPE, EQ, 13-Jun-2022,606.85,597.8,602.55,593.0,598.0,596.8,598.83,172600,1033.58,14614, 120512, 69.82,-1.66
PRINCEPIPE, EQ, 13-Jun-2023,654.5,657.5,662.9,643.0, 646.20,647.15,653.04,176885,1155.13,9425, 85083, 48.10,-1.12
PRINCEPIPE, EQ, 13-Jun-2024,684.05,683.9,710.15,683.85,695.0,695.95,699.57,487443,3409.99,26635, 190802, 39.14,1.74
PRINCEPIPE, EQ, 13-Jul-2020,109.3,111.0,111.0,105.6, 106.95,106.85,107.31,170567,183.04,2666, 113557, 66.58,-2.24
PRINCEPIPE, EQ, 13-Jul-2021,731.15,737.0,738.65,718.15, 720.00,719.7,725.31,334151,2423.62,19085, 164244, 49.15,-1.57
PRINCEPIPE, EQ, 13-Jul-2022,590.8,594.8,598.0,587.5,592.5,592.85,591.01,262332,1550.41,4280, 235126, 89.63,0.35
PRINCEPIPE, EQ, 13-Jul-2023,633.9,637.15,641.85,631.0, 634.00,633.5,636.45,81655,519.69,6314, 37140, 45.48,-0.06
PRINCEPIPE, EQ, 13-Aug-2020,152.5,153.9,157.0,150.0, 150.90,150.75,152.42,201678,307.39,3702, 107687, 53.40,-1.15
PRINCEPIPE, EQ, 13-Aug-2021,659.45,666.3,666.3,651.0,654.0,652.75,658.11,161746,1064.47,10484, 68024, 42.06,-1.02
PRINCEPIPE, EQ, 13-Aug-2024,596.55,605.5,605.5,585.25,588.0,588.3,592.02,77780,460.47,6659, 41749, 53.68,-1.38
PRINCEPIPE, EQ, 13-Sep-2021,718.7,728.0,739.85,720.9, 727.00,727.3,730.35,748374,5465.74,33338, 288920, 38.61,1.2
PRINCEPIPE, EQ, 13-Sep-2022,603.4,605.95,614.5,602.1, 606.00,606.45,609.06,228816,1393.64,9757, 53263, 23.28,0.51
PRINCEPIPE, EQ, 13-Sep-2023,743.35,743.0,760.0,736.35, 750.00,751.6,751.04,255863,1921.64,15966, 117734, 46.01,1.11
PRINCEPIPE, EQ, 13-Sep-2024,576.75,578.0,581.95,576.0,580.0,579.3,579.16,136264,789.18,7524, 69901, 51.30,0.44
PRINCEPIPE, EQ, 13-Oct-2020,221.2,223.0,223.0,210.0, 220.00,219.85,218.82,396325,867.23,6322, 266987, 67.37,-0.61
PRINCEPIPE, EQ, 13-Oct-2021,745.3,751.25,759.0,735.0,737.4,736.65,741.57,321944,2387.43,15928, 170093, 52.83,-1.16
PRINCEPIPE, EQ, 13-Oct-2022,578.1,576.0,581.85,575.0,580.0,577.9,578.14,44245,255.8,4950, 21975, 49.67,-0.03
PRINCEPIPE, EQ, 13-Oct-2023,675.75,675.0,679.0,666.0, 669.95,668.25,671.0,51774,347.41,4666, 25427, 49.11,-1.11
PRINCEPIPE, EQ, 13-Nov-2020,240.15,240.15,267.95,240.0,263.1,262.8,256.94,717831,1844.4,17938, 403865, 56.26,9.43
PRINCEPIPE, EQ, 13-Nov-2023,721.55,726.9,726.9,700.0, 706.00,707.0,712.42,216910,1545.32,8022, 62929, 29.01,-2.02
PRINCEPIPE, EQ, 13-Nov-2024,453.85,453.85,454.2,440.65,444.0,442.3,443.43,150268,666.33,13185, 66613, 44.33,-2.54
PRINCEPIPE, EQ, 13-Dec-2021,725.75,734.0,735.0,719.0,722.3,720.6,724.43,238056,1724.55,16937, 164885, 69.26,-0.71
PRINCEPIPE, EQ, 13-Dec-2022,615.1,618.5,629.0,615.0, 620.00,620.2,622.2,157456,979.69,8203, 62947, 39.98,0.83
PRINCEPIPE, EQ, 13-Dec-2023,709.85,711.6,713.25,700.0, 705.00,703.5,704.85,98581,694.85,9064, 50303, 51.03,-0.89
PRINCEPIPE, EQ, 13-Dec-2024,424.3,425.05,426.1,419.0,423.95,423.2,421.53,203296,856.95,17089, 99227, 48.81,-0.26
PRINCEPIPE, EQ, 14-Jan-2020,169.45,170.0,174.0,169.75, 172.00,171.65,172.04,724613,1246.64,11076, 267157, 36.87,1.3
PRINCEPIPE, EQ, 14-Jan-2021,292.0,292.55,296.45,288.9, 290.00,289.85,291.31,143576,418.25,2025, 105660, 73.59,-0.74
PRINCEPIPE, EQ, 14-Jan-2022,700.4,710.0,743.8,710.0, 730.65,731.85,731.91,1070128,7832.35,37744, 461066, 43.09,4.49
PRINCEPIPE, EQ, 14-Jan-2025,394.4,395.15,402.35,395.15,400.0,398.95,399.35,94962,379.23,9821, 36047, 37.96,1.15
PRINCEPIPE, EQ, 14-Feb-2020,184.95,185.0,195.7,183.0, 189.50,190.3,190.07,1984341,3771.72,35168, 725321, 36.55,2.89
PRINCEPIPE, EQ, 14-Feb-2022,682.3,670.0,675.0,656.0,662.2,660.3,665.25,183702,1222.07,17496, 100227, 54.56,-3.22
PRINCEPIPE, EQ, 14-Feb-2023,579.15,582.2,582.2,572.0,576.8,576.7,577.22,42767,246.86,2966, 24283, 56.78,-0.42
PRINCEPIPE, EQ, 14-Feb-2024,595.7,585.0,603.7,583.6, 591.00,588.55,591.83,204034,1207.53,20659, 95255, 46.69,-1.2
PRINCEPIPE, EQ, 14-Feb-2025,287.0,288.05,290.5,271.95,278.4,278.85,280.25,438295,1228.31,36784, 112884, 25.76,-2.84
PRINCEPIPE, EQ, 14-Mar-2022,662.85,668.0,668.0,646.55,662.9,658.15,660.02,101430,669.45,9747, 46946, 46.28,-0.71
PRINCEPIPE, EQ, 14-Mar-2023,579.65,579.6,587.0,572.5, 577.50,575.7,579.18,59185,342.79,5875, 29501, 49.85,-0.68
PRINCEPIPE, EQ, 14-Mar-2024,530.2,530.2,555.9,521.35, 534.70,538.45,540.36,240093,1297.36,20707, 84425, 35.16,1.56
PRINCEPIPE, EQ, 14-May-2020,84.95,84.75,85.95,82.7,84.95,84.65,84.61,41894,35.45,1047, 22468, 53.63,-0.35
PRINCEPIPE, EQ, 14-May-2021,572.85,615.0,659.7,594.2, 636.70,633.35,625.69,3305509,20682.15,137057, 799835, 24.20,10.56
PRINCEPIPE, EQ, 14-May-2024,641.6,643.35,649.0,633.9,643.0,644.0,644.79,107294,691.83,9191, 47650, 44.41,0.37
PRINCEPIPE, EQ, 14-Jun-2021,711.9,711.9,719.0,701.0, 711.50,711.35,708.08,279026,1975.72,15129, 137456, 49.26,-0.08
PRINCEPIPE, EQ, 14-Jun-2022,596.8,596.8,614.5,594.65, 600.00,598.45,602.16,130946,788.51,9871, 58805, 44.91,0.28
PRINCEPIPE, EQ, 14-Jun-2023,647.15,650.6,667.0,649.1, 658.50,660.1,660.03,226518,1495.09,11474, 100297, 44.28,2.0
PRINCEPIPE, EQ, 14-Jun-2024,695.95,695.95,699.95,684.25,689.9,688.15,691.07,177372,1225.77,9969, 77734, 43.83,-1.12
PRINCEPIPE, EQ, 14-Jul-2020,106.85,105.0,106.0,102.0,104.4,104.15,104.25,109250,113.9,2074, 65106, 59.59,-2.53
PRINCEPIPE, EQ, 14-Jul-2021,719.7,725.0,725.95,704.15, 708.00,705.75,712.24,742404,5287.71,32068, 536250, 72.23,-1.94
PRINCEPIPE, EQ, 14-Jul-2022,592.85,596.8,597.55,588.9, 594.00,593.15,593.03,42516,252.13,6687, 23175, 54.51,0.05
PRINCEPIPE, EQ, 14-Jul-2023,633.5,635.0,638.3,627.0,629.9,628.55,630.35,81321,512.61,6287, 42179, 51.87,-0.78
PRINCEPIPE, EQ, 14-Aug-2020,150.75,151.85,153.0,142.5, 143.50,143.65,146.14,245589,358.9,9823, 142891, 58.18,-4.71
PRINCEPIPE, EQ, 14-Aug-2023,689.9,680.0,685.0,661.0, 675.25,677.0,671.0,286930,1925.31,25076, 123946, 43.20,-1.87
PRINCEPIPE, EQ, 14-Aug-2024,588.3,588.55,591.3,580.0,583.9,582.05,582.4,74589,434.4,7775, 37124, 49.77,-1.06
PRINCEPIPE, EQ, 14-Sep-2020,204.25,209.0,218.9,207.05,214.0,212.65,213.3,873465,1863.12,14586, 451991, 51.75,4.11
PRINCEPIPE, EQ, 14-Sep-2021,727.3,734.0,734.0,711.1, 717.80,715.05,719.78,444939,3202.6,24390, 235151, 52.85,-1.68
PRINCEPIPE, EQ, 14-Sep-2022,606.45,597.0,605.9,596.05,601.9,599.6,601.69,108207,651.07,8781, 59268, 54.77,-1.13
PRINCEPIPE, EQ, 14-Sep-2023,751.6,752.0,755.0,731.2, 737.40,737.8,740.37,230191,1704.26,15943, 111929, 48.62,-1.84
PRINCEPIPE, EQ, 14-Oct-2020,219.85,220.0,236.0,220.0, 234.25,235.0,231.75,369574,856.48,7201, 208517, 56.42,6.89
PRINCEPIPE, EQ, 14-Oct-2021,736.65,743.1,759.2,741.0,748.0,747.35,749.87,493930,3703.83,18420, 272175, 55.10,1.45
PRINCEPIPE, EQ, 14-Oct-2022,577.9,584.45,585.9,576.1, 578.00,577.75,580.93,99346,577.13,5854, 54796, 55.16,-0.03
PRINCEPIPE, EQ, 14-Oct-2024,546.95,554.0,554.0,543.0,543.0,544.25,546.04,129589,707.61,8483, 94298, 72.77,-0.49
PRINCEPIPE, EQ, 14-Nov-2022,572.1,569.0,569.0,561.75,566.0,564.9,565.47,86668,490.08,6310, 50198, 57.92,-1.26
PRINCEPIPE, EQ, 14-Nov-2024,442.3,440.65,448.2,438.55, 445.00,442.15,443.17,89287,395.69,8812, 31328, 35.09,-0.03
PRINCEPIPE, EQ, 14-Dec-2020,269.2,271.9,275.9,269.05,270.0,269.6,271.12,185412,502.69,2101, 145440, 78.44,0.15
PRINCEPIPE, EQ, 14-Dec-2021,720.6,718.0,730.6,715.0,719.9,719.0,721.51,138905,1002.21,13146, 84136, 60.57,-0.22
PRINCEPIPE, EQ, 14-Dec-2022,620.2,620.2,624.2,615.0, 620.00,620.65,619.72,134901,836.0,10223, 60413, 44.78,0.07
PRINCEPIPE, EQ, 14-Dec-2023,703.5,707.0,708.3,700.0, 705.00,702.65,704.64,65213,459.51,6748, 36280, 55.63,-0.12
PRINCEPIPE, EQ, 15-Jan-2020,171.65,172.1,172.9,168.9, 169.30,170.25,170.29,293100,499.13,4318, 97314, 33.20,-0.82
PRINCEPIPE, EQ, 15-Jan-2021,289.85,288.2,292.95,283.35,289.95,289.6,288.34,217554,627.29,8704, 125384, 57.63,-0.09
PRINCEPIPE, EQ, 15-Jan-2024,722.45,725.95,729.2,712.7, 716.00,715.0,718.29,119519,858.49,8413, 64099, 53.63,-1.03
PRINCEPIPE, EQ, 15-Jan-2025,398.95,399.95,409.0,399.05,402.2,401.95,402.66,89585,360.72,10680, 37111, 41.43,0.75
PRINCEPIPE, EQ, 15-Feb-2021,409.6,413.35,424.9,412.85, 415.80,416.15,419.02,131031,549.05,4967, 68562, 52.33,1.6
PRINCEPIPE, EQ, 15-Feb-2022,660.3,665.05,676.55,645.0,664.8,661.6,657.41,231295,1520.56,23738, 103863, 44.90,0.2
PRINCEPIPE, EQ, 15-Feb-2023,576.7,578.95,581.9,573.0, 574.80,575.3,577.81,59935,346.31,5747, 35670, 59.51,-0.24
PRINCEPIPE, EQ, 15-Feb-2024,588.55,596.15,602.75,587.0, 597.55,598.4,596.13,182120,1085.68,15682, 66321, 36.42,1.67
PRINCEPIPE, EQ, 15-Mar-2021,443.65,448.0,448.0,423.0, 437.75,436.2,432.14,356889,1542.25,16100, 169262, 47.43,-1.68
PRINCEPIPE, EQ, 15-Mar-2022,658.15,664.8,675.0,653.9,658.0,656.1,665.11,89412,594.69,6607, 39539, 44.22,-0.31
PRINCEPIPE, EQ, 15-Mar-2023,575.7,578.7,584.35,564.5, 571.00,567.5,572.04,42082,240.72,4112, 21338, 50.71,-1.42
PRINCEPIPE, EQ, 15-Mar-2024,538.45,538.5,545.35,528.25, 533.25,532.1,532.27,175369,933.43,12031, 107142, 61.10,-1.18
PRINCEPIPE, EQ, 15-Apr-2020,108.15,108.3,111.0,105.0, 106.35,105.85,107.9,103235,111.39,2066, 81849, 79.28,-2.13
PRINCEPIPE, EQ, 15-Apr-2021,501.8,494.0,506.85,481.35,491.8,492.65,492.74,254663,1254.82,14505, 82737, 32.49,-1.82
PRINCEPIPE, EQ, 15-Apr-2024,611.9,577.0,619.7,577.0, 600.20,600.8,602.72,229905,1385.69,20241, 91051, 39.60,-1.81
PRINCEPIPE, EQ, 15-Apr-2025,247.42,253.9,262.71,250.01,262.4,261.46,257.37,227462,585.43,15300, 116112, 51.05,5.67
PRINCEPIPE, EQ, 15-May-2020,84.65,84.0,85.75,83.8,84.3,84.5,84.74,91590,77.62,1684, 22407, 24.46,-0.18
PRINCEPIPE, EQ, 15-May-2023,599.95,593.3,607.0,593.3, 597.20,599.95,600.83,44033,264.56,4584, 23829, 54.12,0.0
PRINCEPIPE, EQ, 15-May-2024,644.0,646.4,655.75,646.0,648.3,647.85,649.81,125583,816.05,8907, 72681, 57.87,0.6
PRINCEPIPE, EQ, 15-Jun-2020,99.7,103.0,103.0,95.0,100.85,100.45,100.11,246588,246.87,3173, 169842, 68.88,0.75
PRINCEPIPE, EQ, 15-Jun-2021,711.35,717.0,725.5,701.6, 702.00,706.15,712.08,259790,1849.9,15372, 138692, 53.39,-0.73
PRINCEPIPE, EQ, 15-Jun-2022,598.45,601.05,607.3,598.6, 600.05,600.0,600.18,367521,2205.8,6007, 327269, 89.05,0.26
PRINCEPIPE, EQ, 15-Jun-2023,660.1,660.0,660.25,652.0, 654.55,654.35,654.66,124495,815.02,6816, 76374, 61.35,-0.87
PRINCEPIPE, EQ, 15-Jul-2020,104.15,104.25,107.0,103.65,104.0,104.2,105.06,110447,116.03,1477, 72460, 65.61,0.05
PRINCEPIPE, EQ, 15-Jul-2021,705.75,714.9,728.0,711.0, 715.70,715.0,717.93,351668,2524.74,21119, 154079, 43.81,1.31
PRINCEPIPE, EQ, 15-Jul-2022,593.15,595.0,599.7,591.9,599.6,597.2,595.19,158793,945.12,4332, 130100, 81.93,0.68
PRINCEPIPE, EQ, 15-Jul-2024,667.4,672.95,694.7,665.2,689.4,689.8,684.85,150933,1033.67,11273, 68977, 45.70,3.36
PRINCEPIPE, EQ, 15-Sep-2020,212.65,214.0,217.45,205.05, 208.80,206.95,211.4,391005,826.58,6035, 161563, 41.32,-2.68
PRINCEPIPE, EQ, 15-Sep-2021,715.05,720.0,722.0,706.0, 710.25,708.5,710.52,295739,2101.28,16191, 153633, 51.95,-0.92
PRINCEPIPE, EQ, 15-Sep-2022,599.6,600.1,606.75,600.1,602.0,602.05,603.58,91614,552.96,5754, 51241, 55.93,0.41
PRINCEPIPE, EQ, 15-Sep-2023,737.8,737.8,753.85,712.0, 720.20,720.9,732.65,188046,1377.72,14206, 102902, 54.72,-2.29
PRINCEPIPE, EQ, 15-Oct-2020,235.0,235.0,241.4,225.5, 228.00,227.1,233.78,229530,536.58,4882, 113861, 49.61,-3.36
PRINCEPIPE, EQ, 15-Oct-2024,544.25,545.95,549.0,540.5,545.0,544.35,543.93,94404,513.5,6663, 48399, 51.27,0.02
PRINCEPIPE, EQ, 15-Nov-2021,851.4,858.9,866.45,826.25, 836.40,836.25,841.44,299722,2521.98,16960, 158975, 53.04,-1.78
PRINCEPIPE, EQ, 15-Nov-2022,564.9,564.95,567.9,548.6, 550.00,550.95,561.6,236333,1327.24,8228, 189625, 80.24,-2.47
PRINCEPIPE, EQ, 15-Nov-2023,707.0,713.0,713.85,690.0, 693.05,692.75,699.0,255104,1783.18,15716, 102703, 40.26,-2.02
PRINCEPIPE, EQ, 15-Dec-2020,269.6,270.0,270.95,262.4,265.85,265.05,265.77,97401,258.86,2624, 64434, 66.15,-1.69
PRINCEPIPE, EQ, 15-Dec-2021,719.0,716.0,722.0,712.9, 718.50,717.5,717.04,117849,845.02,11189, 65530, 55.61,-0.21
PRINCEPIPE, EQ, 15-Dec-2022,620.65,623.85,627.85,612.95, 620.00,619.15,619.57,107388,665.34,6624, 45959, 42.80,-0.24
PRINCEPIPE, EQ, 15-Dec-2023,702.65,704.6,720.9,702.0, 711.00,705.15,713.03,211040,1504.78,16646, 89838, 42.57,0.36
PRINCEPIPE, EQ, 16-Jan-2020,170.25,171.0,184.4,170.55, 173.00,174.2,178.52,3162996,5646.7,40551, 1097801, 34.71,2.32
PRINCEPIPE, EQ, 16-Jan-2023,591.35,592.75,593.4,585.0, 588.45,588.2,588.78,41013,241.48,4679, 17823, 43.46,-0.53
PRINCEPIPE, EQ, 16-Jan-2024,715.0,714.5,721.6,707.0, 711.50,711.8,714.15,82823,591.48,7875, 43830, 52.92,-0.45
PRINCEPIPE, EQ, 16-Jan-2025,401.95,404.2,411.25,398.05,400.0,399.65,403.37,160755,648.43,13695, 74300, 46.22,-0.57
PRINCEPIPE, EQ, 16-Feb-2021,416.15,418.5,422.95,404.5, 410.20,408.75,413.71,130102,538.24,6343, 66065, 50.78,-1.78
PRINCEPIPE, EQ, 16-Feb-2022,661.6,667.45,679.85,665.45,678.1,674.1,672.87,150903,1015.38,12200, 69644, 46.15,1.89
PRINCEPIPE, EQ, 16-Feb-2023,575.3,576.5,583.5,576.15, 582.50,580.55,580.39,49461,287.07,2997, 31389, 63.46,0.91
PRINCEPIPE, EQ, 16-Feb-2024,598.4,601.0,603.95,592.6,596.9,594.45,595.56,138870,827.05,13391, 79273, 57.08,-0.66
PRINCEPIPE, EQ, 16-Mar-2020,105.15,105.0,108.0,99.0, 101.00,101.0,102.88,305608,314.41,4843, 213977, 70.02,-3.95
PRINCEPIPE, EQ, 16-Mar-2021,436.2,441.7,445.0,427.6, 432.00,432.05,436.13,216966,946.24,9284, 102276, 47.14,-0.95
PRINCEPIPE, EQ, 16-Mar-2022,656.1,661.1,674.75,650.0,651.9,652.6,654.57,173274,1134.2,9516, 111704, 64.47,-0.53
PRINCEPIPE, EQ, 16-Mar-2023,567.5,565.0,581.45,564.0, 571.50,574.8,573.0,90936,521.07,8055, 36667, 40.32,1.29
PRINCEPIPE, EQ, 16-Apr-2020,105.85,104.05,107.5,101.0, 102.10,101.8,102.15,214940,219.55,6489, 153129, 71.24,-3.83
PRINCEPIPE, EQ, 16-Apr-2021,492.65,491.8,520.0,491.8,506.65,508.4,510.53,506061,2583.6,25157, 144190, 28.49,3.2
PRINCEPIPE, EQ, 16-Apr-2024,600.8,595.8,616.65,593.1, 605.00,605.15,608.75,192744,1173.34,16110, 86051, 44.65,0.72
PRINCEPIPE, EQ, 16-Apr-2025,261.46,261.0,265.4,257.62,259.0,258.98,259.97,193564,503.21,10543, 88459, 45.70,-0.95
PRINCEPIPE, EQ, 16-May-2022,630.15,643.0,648.0,626.0,647.95,645.4,639.01,133147,850.82,11199, 66862, 50.22,2.42
PRINCEPIPE, EQ, 16-May-2023,599.95,600.95,615.9,593.35,598.5,597.25,605.99,191498,1160.45,11900, 101486, 53.00,-0.45
PRINCEPIPE, EQ, 16-May-2024,647.85,652.95,664.0,647.6,662.5,660.05,656.4,159910,1049.66,10635, 92740, 58.00,1.88
PRINCEPIPE, EQ, 16-Jun-2020,100.45,104.5,104.5,97.0, 99.40,99.25,100.73,175380,176.66,3089, 104627, 59.66,-1.19
PRINCEPIPE, EQ, 16-Jun-2021,706.15,706.0,715.45,703.0, 705.00,706.2,709.15,150228,1065.34,8020, 72901, 48.53,0.01
PRINCEPIPE, EQ, 16-Jun-2022,600.0,611.0,613.0,597.0, 601.00,600.05,602.23,125035,753.0,11111, 47509, 38.00,0.01
PRINCEPIPE, EQ, 16-Jun-2023,654.35,655.95,669.85,655.0, 662.00,660.75,659.29,559997,3691.98,14112, 360716, 64.41,0.98
PRINCEPIPE, EQ, 16-Jul-2020,104.2,105.8,105.8,102.05, 104.00,102.85,103.2,60053,61.98,1227, 39976, 66.57,-1.3
PRINCEPIPE, EQ, 16-Jul-2021,715.0,716.05,723.55,708.65, 712.30,711.35,714.19,364609,2604.02,17827, 157991, 43.33,-0.51
PRINCEPIPE, EQ, 16-Jul-2024,689.8,692.9,702.8,687.95,700.0,699.85,699.22,667415,4666.67,12495, 565109, 84.67,1.46
PRINCEPIPE, EQ, 16-Aug-2021,652.75,654.0,654.8,645.4,650.45,650.65,650.12,141015,916.77,10164, 62973, 44.66,-0.32
PRINCEPIPE, EQ, 16-Aug-2022,599.85,602.45,602.45,595.1,597.0,597.3,597.97,166336,994.63,12121, 99135, 59.60,-0.43
PRINCEPIPE, EQ, 16-Aug-2023,677.0,679.95,689.45,670.95, 682.45,682.7,681.47,112758,768.41,9601, 52647, 46.69,0.84
PRINCEPIPE, EQ, 16-Aug-2024,582.05,591.0,601.45,584.0,600.0,599.15,591.93,129511,766.62,19091, 58371, 45.07,2.94
PRINCEPIPE, EQ, 16-Sep-2020,206.95,208.15,212.8,201.65,205.0,204.5,207.67,534473,1109.95,6174, 287729, 53.83,-1.18
PRINCEPIPE, EQ, 16-Sep-2021,708.5,708.95,715.65,703.0,706.95,706.3,709.36,430026,3050.43,15001, 281562, 65.48,-0.31
PRINCEPIPE, EQ, 16-Sep-2022,602.05,603.0,608.0,591.05, 597.00,595.55,599.27,186785,1119.34,9552, 76287, 40.84,-1.08
PRINCEPIPE, EQ, 16-Sep-2024,579.3,585.0,585.0,575.55,582.0,580.6,580.54,81893,475.42,6047, 39625, 48.39,0.22
PRINCEPIPE, EQ, 16-Oct-2020,227.1,229.9,235.0,223.0, 228.60,228.9,230.25,137021,315.49,3100, 52066, 38.00,0.79
PRINCEPIPE, EQ, 16-Oct-2023,668.25,671.75,685.0,669.25, 679.65,680.0,680.11,196135,1333.93,12782, 136404, 69.55,1.76
PRINCEPIPE, EQ, 16-Oct-2024,544.35,548.0,548.0,539.0,540.5,541.25,542.6,154262,837.03,8724, 67733, 43.91,-0.57
PRINCEPIPE, EQ, 16-Nov-2021,836.25,840.5,843.55,825.6, 839.50,837.9,835.1,195908,1636.03,14936, 102288, 52.21,0.2
PRINCEPIPE, EQ, 16-Nov-2022,550.95,552.45,569.9,551.3, 562.60,565.55,563.25,165022,929.49,8122, 78137, 47.35,2.65
PRINCEPIPE, EQ, 16-Nov-2023,692.75,696.8,703.85,686.1, 688.10,688.85,695.31,175422,1219.74,11003, 71739, 40.90,-0.56
PRINCEPIPE, EQ, 16-Dec-2020,265.05,267.0,269.8,263.1, 265.05,264.25,266.19,73354,195.26,2111, 44493, 60.66,-0.3
PRINCEPIPE, EQ, 16-Dec-2021,717.5,724.0,733.0,715.3, 723.70,721.7,721.52,113295,817.44,9594, 63639, 56.17,0.59
PRINCEPIPE, EQ, 16-Dec-2022,619.15,618.0,634.9,607.05, 625.00,628.25,625.07,331133,2069.8,17573, 141928, 42.86,1.47
PRINCEPIPE, EQ, 16-Dec-2024,423.2,424.25,427.65,420.1,421.8,422.15,422.1,171672,724.62,16464, 88444, 51.52,-0.25
PRINCEPIPE, EQ, 17-Jan-2020,174.2,173.9,177.35,169.0, 170.45,170.0,173.29,652615,1130.92,8914, 225542, 34.56,-2.41
PRINCEPIPE, EQ, 17-Jan-2022,731.85,737.0,739.4,715.55,735.8,736.15,730.6,459573,3357.63,23751, 261081, 56.81,0.59
PRINCEPIPE, EQ, 17-Jan-2023,588.2,588.0,589.1,580.0,582.8,582.5,582.97,33746,196.73,3541, 14903, 44.16,-0.97
PRINCEPIPE, EQ, 17-Jan-2024,711.8,709.95,714.9,701.45, 704.00,703.95,705.02,178590,1259.1,8526, 136222, 76.28,-1.1
PRINCEPIPE, EQ, 17-Jan-2025,399.65,399.5,404.2,396.0,399.15,398.4,398.94,102840,410.27,11237, 56590, 55.03,-0.31
PRINCEPIPE, EQ, 17-Feb-2020,190.3,190.8,196.65,186.8, 189.00,189.5,191.53,899695,1723.15,15065, 318623, 35.41,-0.42
PRINCEPIPE, EQ, 17-Feb-2021,408.75,414.95,416.95,402.75, 411.00,409.35,410.44,176630,724.97,11483, 78214, 44.28,0.15
PRINCEPIPE, EQ, 17-Feb-2022,674.1,678.0,682.95,660.0,662.5,662.55,671.82,115483,775.83,9090, 52984, 45.88,-1.71
PRINCEPIPE, EQ, 17-Feb-2023,580.55,580.0,605.0,568.0, 574.00,573.8,585.64,1221644,7154.46,13985, 984372, 80.58,-1.16
PRINCEPIPE, EQ, 17-Feb-2025,278.85,278.85,282.0,272.0,278.9,278.45,276.64,235280,650.89,21454, 87900, 37.36,-0.14
PRINCEPIPE, EQ, 17-Mar-2020,101.0,101.0,105.0,100.95, 104.50,102.05,102.63,141336,145.05,3387, 67013, 47.41,1.04
PRINCEPIPE, EQ, 17-Mar-2021,432.05,434.0,439.5,417.3,417.95,419.85,423.81,208342,882.98,8778, 122883, 58.98,-2.82
PRINCEPIPE, EQ, 17-Mar-2022,652.6,665.95,669.0,651.5, 656.00,654.55,657.6,257232,1691.55,12337, 120016, 46.66,0.3
PRINCEPIPE, EQ, 17-Mar-2023,574.8,576.0,579.0,570.0, 577.20,574.7,572.99,39973,229.04,3927, 13436, 33.61,-0.02
PRINCEPIPE, EQ, 17-Mar-2025,248.7,249.95,250.75,237.85,239.55,240.05,243.63,284810,693.89,14590, 132938, 46.68,-3.48
PRINCEPIPE, EQ, 17-Apr-2020,101.8,105.65,105.65,100.0, 100.95,100.9,101.89,176269,179.61,2260, 134888, 76.52,-0.88
PRINCEPIPE, EQ, 17-Apr-2023,591.5,587.0,599.6,581.0, 592.00,593.2,591.53,107806,637.7,8891, 41060, 38.09,0.29
PRINCEPIPE, EQ, 17-Apr-2025,258.98,260.88,260.88,256.72,257.95,258.26,258.85,113934,294.92,7080, 61276, 53.78,-0.28
PRINCEPIPE, EQ, 17-May-2021,633.35,645.0,650.0,612.65,620.0,617.05,626.55,988237,6191.78,47464, 465363, 47.09,-2.57
PRINCEPIPE, EQ, 17-May-2022,645.4,659.0,659.0,647.65, 655.00,652.55,651.95,86833,566.11,7915, 47153, 54.30,1.11
PRINCEPIPE, EQ, 17-May-2023,597.25,599.5,608.6,583.0, 588.30,588.2,593.21,198444,1177.19,11428, 116783, 58.85,-1.52
PRINCEPIPE, EQ, 17-May-2024,660.05,622.35,683.0,615.05,665.1,668.6,667.1,2276649,15187.46,65494, 663434, 29.14,1.3
PRINCEPIPE, EQ, 17-Jun-2020,99.25,100.0,100.0,97.55,98.4,98.05,98.45,110226,108.52,1826, 61446, 55.75,-1.21
PRINCEPIPE, EQ, 17-Jun-2021,706.2,703.8,709.0,686.25, 692.50,691.8,697.53,370866,2586.91,26426, 205792, 55.49,-2.04
PRINCEPIPE, EQ, 17-Jun-2022,600.05,602.0,602.0,582.6,584.75,585.5,589.79,134892,795.58,13370, 44206, 32.77,-2.42
PRINCEPIPE, EQ, 17-Jul-2020,102.85,103.0,107.95,102.85, 107.95,107.95,107.26,180518,193.63,1726, 91070, 50.45,4.96
PRINCEPIPE, EQ, 17-Jul-2023,628.55,632.95,641.0,625.05,630.95,628.2,631.12,131114,827.49,10898, 56037, 42.74,-0.06
PRINCEPIPE, EQ, 16-Jul-2024,689.8,692.9,702.8,687.95,700.0,699.85,699.22,667415,4666.67,12495, 565109, 84.67,1.46
PRINCEPIPE, EQ, 17-Aug-2020,143.65,144.0,146.5,140.0, 145.00,145.2,144.34,92989,134.22,4732, 54024, 58.10,1.08
PRINCEPIPE, EQ, 17-Aug-2021,650.65,653.8,655.0,645.7,648.5,650.35,649.99,144789,941.11,10834, 66215, 45.73,-0.05
PRINCEPIPE, EQ, 17-Aug-2022,597.3,599.9,601.95,596.1, 599.30,598.15,599.54,120118,720.16,8930, 75385, 62.76,0.14
PRINCEPIPE, EQ, 17-Aug-2023,682.7,687.0,690.0,675.1, 679.40,680.05,682.85,154856,1057.43,11280, 88063, 56.87,-0.39
PRINCEPIPE, EQ, 17-Sep-2020,204.5,203.45,209.0,203.45, 206.90,206.4,206.85,229899,475.56,3750, 95009, 41.33,0.93
PRINCEPIPE, EQ, 17-Sep-2021,706.3,710.0,711.95,686.55, 705.00,707.95,702.06,406150,2851.41,16994, 221801, 54.61,0.23
PRINCEPIPE, EQ, 17-Sep-2024,580.6,584.85,584.85,573.15,576.0,575.75,576.59,81242,468.43,5178, 48883, 60.17,-0.84
PRINCEPIPE, EQ, 17-Oct-2022,577.75,577.0,579.85,567.1,571.5,570.2,571.14,72472,413.91,7814, 31353, 43.26,-1.31
PRINCEPIPE, EQ, 17-Oct-2023,680.0,682.0,691.25,681.05,688.0,686.4,686.66,64624,443.75,6256, 31865, 49.31,0.94
PRINCEPIPE, EQ, 17-Oct-2024,541.25,541.0,543.3,535.0,538.0,539.75,538.41,114371,615.78,8769, 53205, 46.52,-0.28
PRINCEPIPE, EQ, 17-Nov-2020,266.25,267.2,270.4,264.2, 267.45,267.65,267.85,370921,993.5,11165, 270311, 72.88,0.53
PRINCEPIPE, EQ, 17-Nov-2021,837.9,842.0,860.0,833.0, 857.40,852.75,847.15,409358,3467.87,23348, 250588, 61.21,1.77
PRINCEPIPE, EQ, 17-Nov-2022,565.55,564.0,577.9,559.05, 576.00,576.5,574.06,145439,834.91,8540, 62556, 43.01,1.94
PRINCEPIPE, EQ, 17-Nov-2023,688.85,690.0,712.0,690.0, 696.00,694.8,700.68,363272,2545.39,20225, 88344, 24.32,0.86
PRINCEPIPE, EQ, 17-Dec-2020,264.25,267.0,268.95,261.15, 262.00,263.95,265.64,80196,213.03,2212, 51839, 64.64,-0.11
PRINCEPIPE, EQ, 17-Dec-2021,721.7,719.8,723.1,701.85, 714.00,709.55,709.14,141071,1000.4,12591, 84289, 59.75,-1.68
PRINCEPIPE, EQ, 17-Dec-2024,422.15,421.95,423.75,419.2,421.0,421.0,420.9,108225,455.52,10809, 62540, 57.79,-0.27
PRINCEPIPE, EQ, 18-Jan-2021,289.6,286.0,290.9,282.3, 288.00,287.2,287.29,133968,384.88,6581, 63163, 47.15,-0.83
PRINCEPIPE, EQ, 18-Jan-2022,736.15,740.0,743.55,715.35, 729.00,721.0,729.94,397204,2899.34,20956, 247573, 62.33,-2.06
PRINCEPIPE, EQ, 18-Jan-2023,582.5,585.6,593.5,580.5,590.7,591.6,589.53,52872,311.7,4749, 26219, 49.59,1.56
PRINCEPIPE, EQ, 18-Jan-2024,703.95,700.0,706.0,682.0, 697.00,698.85,695.06,113306,787.55,11942, 47727, 42.12,-0.72
PRINCEPIPE, EQ, 18-Feb-2020,189.5,189.0,192.0,182.0, 185.80,185.85,186.38,512784,955.71,7161, 178515, 34.81,-1.93
PRINCEPIPE, EQ, 18-Feb-2021,409.35,412.3,420.0,409.6,417.0,414.4,415.48,155594,646.46,7206, 81545, 52.41,1.23
PRINCEPIPE, EQ, 18-Feb-2022,662.55,656.0,674.25,655.7,670.95,669.15,667.59,93293,622.82,7588, 51013, 54.68,1.0
PRINCEPIPE, EQ, 18-Feb-2025,278.45,279.15,280.55,263.1,264.95,265.1,267.4,328939,879.59,24219, 165624, 50.35,-4.79
PRINCEPIPE, EQ, 18-Mar-2020,102.05,103.95,105.85,99.95, 100.00,100.9,102.29,377528,386.18,5728, 260141, 68.91,-1.13
PRINCEPIPE, EQ, 18-Mar-2021,419.85,435.0,435.0,396.1, 409.00,405.4,413.41,337792,1396.48,16875, 186084, 55.09,-3.44
PRINCEPIPE, EQ, 18-Mar-2024,532.1,535.05,541.95,522.0, 524.75,524.55,530.57,221572,1175.6,19243, 125451, 56.62,-1.42
PRINCEPIPE, EQ, 18-Mar-2025,240.05,240.0,250.65,238.6,247.9,247.5,246.88,504682,1245.96,23240, 262284, 51.97,3.1
PRINCEPIPE, EQ, 18-Apr-2022,698.55,697.0,710.0,680.95, 688.40,687.05,687.94,116140,798.98,10034, 56820, 48.92,-1.65
PRINCEPIPE, EQ, 18-Apr-2023,593.2,589.35,598.45,589.35, 591.00,592.25,593.26,61055,362.21,4972, 28037, 45.92,-0.16
PRINCEPIPE, EQ, 18-Apr-2024,605.15,635.6,635.6,600.0, 605.00,607.05,612.25,220022,1347.07,19584, 48785, 22.17,0.31
PRINCEPIPE, EQ, 18-May-2020,84.5,84.5,86.0,80.0, 81.15,81.05,80.87,154142,124.65,3126, 109339, 70.93,-4.08
PRINCEPIPE, EQ, 18-May-2021,617.05,625.6,655.0,621.0, 633.00,633.3,635.54,1030058,6546.46,39171, 422149, 40.98,2.63
PRINCEPIPE, EQ, 18-May-2022,652.55,665.0,672.0,647.65,651.65,650.85,656.87,147350,967.91,10385, 63134, 42.85,-0.26
PRINCEPIPE, EQ, 18-May-2023,588.2,597.0,598.9,579.0, 581.30,580.6,586.19,120984,709.2,7526, 67159, 55.51,-1.29
PRINCEPIPE, EQ, 18-Jun-2020,98.05,99.0,102.95,97.9,102.95,102.95,101.14,171425,173.37,1883, 100567, 58.67,5.0
PRINCEPIPE, EQ, 18-Jun-2021,691.8,694.45,705.9,646.4, 698.90,695.45,680.42,705433,4799.9,41293, 309461, 43.87,0.53
PRINCEPIPE, EQ, 18-Jun-2024,688.15,688.45,691.95,675.0,681.25,683.3,685.36,199319,1366.05,15407, 128280, 64.36,-0.7
PRINCEPIPE, EQ, 18-Jul-2022,597.2,605.0,620.0,603.0,607.7,605.2,612.08,148180,906.98,10123, 38570, 26.03,1.34
PRINCEPIPE, EQ, 18-Jul-2023,628.2,629.5,638.0,621.1, 624.95,623.95,628.01,135597,851.56,8756, 61890, 45.64,-0.68
PRINCEPIPE, EQ, 18-Jul-2024,699.85,700.0,705.0,679.7,686.15,689.5,689.65,174179,1201.23,13297, 81595, 46.85,-1.48
PRINCEPIPE, EQ, 18-Aug-2020,145.2,146.0,149.2,143.05,148.8,148.65,147.62,100360,148.15,4775, 65646, 65.41,2.38
PRINCEPIPE, EQ, 18-Aug-2021,650.35,653.0,655.0,638.5, 646.10,646.15,643.99,163710,1054.27,15071, 92914, 56.76,-0.65
PRINCEPIPE, EQ, 18-Aug-2022,598.15,597.0,602.4,595.6,598.8,598.25,598.47,155398,930.0,7906, 107854, 69.41,0.02
PRINCEPIPE, EQ, 18-Aug-2023,680.05,680.0,686.9,664.15, 681.00,682.6,677.88,133605,905.68,10255, 64989, 48.64,0.37
PRINCEPIPE, EQ, 18-Sep-2020,206.4,206.9,232.0,206.9, 226.00,226.3,221.88,2380219,5281.25,37909, 771632, 32.42,9.64
PRINCEPIPE, EQ, 18-Sep-2023,720.9,723.55,731.15,715.5, 717.00,719.35,720.52,555046,3999.24,10958, 499770, 90.04,-0.22
PRINCEPIPE, EQ, 18-Sep-2024,575.75,574.05,577.0,563.75,566.8,567.05,568.0,147191,836.04,8061, 79841, 54.24,-1.51
PRINCEPIPE, EQ, 18-Oct-2021,747.35,752.0,770.0,750.0, 762.00,761.65,762.24,618877,4717.3,32348, 348849, 56.37,1.91
PRINCEPIPE, EQ, 18-Oct-2022,570.2,572.0,573.85,560.0,567.0,567.1,564.98,124293,702.23,10584, 62672, 50.42,-0.54
PRINCEPIPE, EQ, 18-Oct-2023,686.4,690.0,738.45,686.85, 700.50,702.25,712.92,1135678,8096.49,48648, 298568, 26.29,2.31
PRINCEPIPE, EQ, 18-Oct-2024,539.75,538.9,540.0,530.5,540.0,538.8,536.66,63797,342.37,5778, 30570, 47.92,-0.18
PRINCEPIPE, EQ, 18-Nov-2020,267.65,267.65,281.05,257.7, 275.00,274.1,268.43,353048,947.68,11046, 178178, 50.47,2.41
PRINCEPIPE, EQ, 18-Nov-2021,852.75,856.0,866.2,805.4,839.0,838.25,835.88,295408,2469.24,19433, 128821, 43.61,-1.7
PRINCEPIPE, EQ, 18-Nov-2022,576.5,577.0,580.6,560.0, 570.00,568.7,573.46,98944,567.41,7199, 45783, 46.27,-1.35
PRINCEPIPE, EQ, 18-Nov-2024,442.15,442.15,449.0,432.55,438.8,437.75,438.64,103756,455.11,11339, 41047, 39.56,-1.0
PRINCEPIPE, EQ, 18-Dec-2020,263.95,266.45,266.7,257.0, 262.90,262.25,261.88,66593,174.39,2135, 38461, 57.76,-0.64
PRINCEPIPE, EQ, 18-Dec-2023,705.15,707.95,770.0,707.9, 751.00,750.75,749.3,1782218,13354.07,76485, 419808, 23.56,6.47
PRINCEPIPE, EQ, 18-Dec-2024,421.0,421.0,421.85,418.05,419.5,420.2,419.65,82313,345.42,7374, 43066, 52.32,-0.19
PRINCEPIPE, EQ, 19-Jan-2021,287.2,290.0,300.0,290.0, 293.50,294.6,296.27,173500,514.04,3612, 109096, 62.88,2.58
PRINCEPIPE, EQ, 19-Jan-2022,721.0,714.0,731.0,710.65, 724.00,723.0,720.79,229238,1652.31,13968, 116128, 50.66,0.28
PRINCEPIPE, EQ, 19-Jan-2023,591.6,591.05,598.0,586.25, 589.00,590.3,592.82,44887,266.1,5414, 18034, 40.18,-0.22
PRINCEPIPE, EQ, 19-Jan-2024,698.85,701.2,709.5,692.0, 694.00,695.35,696.36,135075,940.61,11351, 68312, 50.57,-0.5
PRINCEPIPE, EQ, 19-Feb-2020,185.85,186.75,188.6,182.0, 182.95,182.4,184.57,320045,590.69,4580, 143023, 44.69,-1.86
PRINCEPIPE, EQ, 19-Feb-2021,414.4,416.35,434.0,412.5,420.0,420.2,422.8,262362,1109.28,10578, 74559, 28.42,1.4
PRINCEPIPE, EQ, 19-Feb-2024,594.45,600.45,600.45,588.05, 594.50,593.9,592.48,144781,857.8,12684, 69775, 48.19,-0.09
PRINCEPIPE, EQ, 19-Feb-2025,265.1,265.1,276.9,263.3,264.8,265.0,268.34,352630,946.26,25569, 156000, 44.24,-0.04
PRINCEPIPE, EQ, 19-Mar-2020,100.9,96.0,109.8,92.3, 103.70,101.5,99.02,298889,295.96,5479, 125994, 42.15,0.59
PRINCEPIPE, EQ, 19-Mar-2021,405.4,398.0,429.75,385.0,421.7,421.8,409.2,395996,1620.4,19925, 150212, 37.93,4.05
PRINCEPIPE, EQ, 19-Mar-2024,524.55,524.55,543.9,524.0, 528.00,529.35,536.36,272187,1459.91,19042, 89573, 32.91,0.92
PRINCEPIPE, EQ, 19-Mar-2025,247.5,248.0,253.5,248.0,249.7,249.85,249.85,311932,779.37,11657, 188586, 60.46,0.95
PRINCEPIPE, EQ, 19-Apr-2021,508.4,498.25,507.0,475.15,493.7,495.8,496.04,350353,1737.88,16508, 108003, 30.83,-2.48
PRINCEPIPE, EQ, 19-Apr-2022,687.05,693.8,697.65,660.65,670.0,674.3,689.35,224364,1546.66,12777, 72510, 32.32,-1.86
PRINCEPIPE, EQ, 19-Apr-2023,592.25,592.25,598.0,587.0, 587.00,590.6,593.5,60814,360.93,6023, 23895, 39.29,-0.28
PRINCEPIPE, EQ, 19-Apr-2024,607.05,600.5,616.0,593.0, 612.15,612.2,609.59,114034,695.14,10787, 56316, 49.39,0.85
PRINCEPIPE, EQ, 19-May-2020,81.05,82.9,82.9,79.0,79.25,79.2,80.7,87473,70.59,1631, 54587, 62.40,-2.28
PRINCEPIPE, EQ, 19-May-2021,633.3,635.0,702.0,633.8, 701.00,696.25,676.88,2736787,18524.66,93834, 593867, 21.70,9.94
PRINCEPIPE, EQ, 19-May-2022,650.85,643.45,650.0,620.0,640.0,639.55,640.55,112988,723.75,7816, 49157, 43.51,-1.74
PRINCEPIPE, EQ, 19-May-2023,580.6,583.7,589.4,564.6,571.9,572.25,574.41,183886,1056.26,14766, 103994, 56.55,-1.44
PRINCEPIPE, EQ, 19-Jun-2020,102.95,108.0,108.05,104.15, 108.05,108.05,107.44,449169,482.57,4616, 275570, 61.35,4.95
PRINCEPIPE, EQ, 19-Jun-2023,660.75,664.0,695.7,663.05, 672.00,671.8,681.33,781331,5323.46,29542, 183729, 23.51,1.67
PRINCEPIPE, EQ, 19-Jun-2024,683.3,682.0,689.9,671.05,682.4,683.65,680.39,129477,880.95,8068, 68447, 52.86,0.05
PRINCEPIPE, EQ, 19-Jul-2021,711.35,706.2,711.0,700.0, 705.00,704.35,704.26,358002,2521.26,19455, 202783, 56.64,-0.98
PRINCEPIPE, EQ, 19-Jul-2022,605.2,603.0,612.7,600.0, 607.50,609.05,606.28,70155,425.34,6818, 31856, 45.41,0.64
PRINCEPIPE, EQ, 19-Jul-2023,623.95,625.1,632.0,625.1, 630.30,630.4,628.68,77689,488.41,4805, 38663, 49.77,1.03
PRINCEPIPE, EQ, 19-Jul-2024,689.5,682.55,688.9,668.85,668.85,671.35,675.75,85887,580.38,8947, 44440, 51.74,-2.63
PRINCEPIPE, EQ, 19-Aug-2020,148.65,151.5,152.85,149.0,152.1,151.85,151.43,101955,154.39,2462, 66872, 65.59,2.15
PRINCEPIPE, EQ, 18-Aug-2021,650.35,653.0,655.0,638.5, 646.10,646.15,643.99,163710,1054.27,15071, 92914, 56.76,-0.65
PRINCEPIPE, EQ, 19-Aug-2022,598.25,600.9,601.95,590.0, 591.90,590.2,594.87,356402,2120.11,21200, 207695, 58.28,-1.35
PRINCEPIPE, EQ, 19-Aug-2024,599.15,601.0,606.85,598.05,598.1,600.2,601.6,68515,412.18,6761, 35092, 51.22,0.18
PRINCEPIPE, EQ, 19-Sep-2022,595.55,595.0,599.7,584.0, 586.00,584.7,589.37,139693,823.31,10998, 61944, 44.34,-1.82
PRINCEPIPE, EQ, 19-Sep-2024,567.05,583.15,586.0,567.8,577.0,576.55,578.13,246880,1427.28,12422, 88348, 35.79,1.68
PRINCEPIPE, EQ, 19-Oct-2020,228.9,230.0,235.0,227.55, 229.90,230.1,230.39,92724,213.62,1997, 54327, 58.59,0.52
PRINCEPIPE, EQ, 19-Oct-2021,761.65,768.3,774.0,720.55,739.0,730.2,746.9,564475,4216.06,27966, 240642, 42.63,-4.13
PRINCEPIPE, EQ, 19-Oct-2022,567.1,568.0,578.1,559.05, 573.00,571.5,568.36,193137,1097.71,13161, 57738, 29.89,0.78
PRINCEPIPE, EQ, 19-Oct-2023,702.25,703.0,712.0,692.85,697.5,697.75,702.41,260967,1833.05,14900, 125049, 47.92,-0.64
PRINCEPIPE, EQ, 19-Nov-2020,274.1,273.35,281.0,250.0, 261.50,258.45,270.63,278782,754.48,8452, 164518, 59.01,-5.71
PRINCEPIPE, EQ, 19-Nov-2024,437.75,438.05,447.15,438.05,441.0,441.5,442.71,99079,438.63,8742, 45117, 45.54,0.86
PRINCEPIPE, EQ, 19-Dec-2022,628.25,628.1,630.0,610.25,611.05,614.4,623.4,292664,1824.46,7594, 228776, 78.17,-2.2
PRINCEPIPE, EQ, 19-Dec-2023,750.75,753.1,760.6,735.0, 737.00,737.8,744.92,327469,2439.37,19446, 110140, 33.63,-1.72
PRINCEPIPE, EQ, 19-Dec-2024,420.2,418.6,425.9,412.75,419.25,417.75,416.41,113917,474.37,10452, 51626, 45.32,-0.58
PRINCEPIPE, EQ, 20-Jan-2020,170.0,170.5,172.95,165.5, 167.05,166.3,168.22,399997,672.88,5559, 151817, 37.95,-2.18
PRINCEPIPE, EQ, 20-Jan-2021,294.6,297.9,321.5,297.9, 317.00,314.7,312.91,1147363,3590.2,24800, 436807, 38.07,6.82
PRINCEPIPE, EQ, 20-Jan-2022,723.0,729.8,729.8,715.0, 720.00,719.45,722.22,185679,1341.01,10800, 99173, 53.41,-0.49
PRINCEPIPE, EQ, 20-Jan-2023,590.3,590.25,598.0,586.95,590.9,590.5,593.52,48601,288.46,5181, 21490, 44.22,0.03
PRINCEPIPE, EQ, 20-Jan-2025,398.4,402.9,402.9,397.0,397.75,397.6,398.43,104377,415.87,7573, 54388, 52.11,-0.2
PRINCEPIPE, EQ, 20-Feb-2020,182.4,182.0,185.9,181.0, 181.15,181.85,182.88,325359,595.0,4027, 140562, 43.20,-0.3
PRINCEPIPE, EQ, 20-Feb-2023,573.8,575.0,582.45,572.45, 576.00,575.7,576.66,94076,542.5,6308, 30159, 32.06,0.33
PRINCEPIPE, EQ, 20-Feb-2024,593.9,598.2,598.2,589.15, 592.00,590.65,591.09,136446,806.52,11693, 75330, 55.21,-0.55
PRINCEPIPE, EQ, 20-Feb-2025,265.0,266.0,273.2,263.3,271.0,270.3,267.15,299873,801.12,23905, 113488, 37.85,2.0
PRINCEPIPE, EQ, 20-Mar-2020,101.5,103.75,111.65,100.65, 111.65,109.9,106.14,197419,209.53,4246, 107520, 54.46,8.28
PRINCEPIPE, EQ, 20-Mar-2023,574.7,565.0,592.35,565.0,580.6,582.4,582.26,125342,729.81,10805, 46598, 37.18,1.34
PRINCEPIPE, EQ, 20-Mar-2024,529.35,530.5,538.7,528.0, 530.00,529.95,531.04,197592,1049.29,10273, 123886, 62.70,0.11
PRINCEPIPE, EQ, 20-Mar-2025,249.85,255.0,258.15,242.55,249.0,248.7,249.27,971036,2420.47,28304, 413575, 42.59,-0.46
PRINCEPIPE, EQ, 20-Apr-2020,100.9,102.4,103.45,100.0, 100.75,101.15,100.96,254781,257.22,2206, 207714, 81.53,0.25
PRINCEPIPE, EQ, 20-Apr-2021,495.8,500.45,524.8,500.45,506.0,507.7,512.56,429553,2201.71,17662, 115625, 26.92,2.4
PRINCEPIPE, EQ, 20-Apr-2022,674.3,678.0,692.95,676.8, 683.00,681.3,686.68,126341,867.56,7828, 43732, 34.61,1.04
PRINCEPIPE, EQ, 20-Apr-2023,590.6,591.0,596.4,587.1, 588.00,590.45,593.26,85850,509.32,7327, 49357, 57.49,-0.03
PRINCEPIPE, EQ, 20-May-2020,79.2,81.1,81.1,77.9, 78.00,78.1,78.75,87108,68.6,1942, 57745, 66.29,-1.39
PRINCEPIPE, EQ, 20-May-2021,696.25,702.05,702.95,670.0, 688.65,688.4,686.88,1193957,8201.02,49081, 525436, 44.01,-1.13
PRINCEPIPE, EQ, 20-May-2022,639.55,639.0,649.1,625.0, 634.70,634.9,634.94,265469,1685.57,16434, 97315, 36.66,-0.73
PRINCEPIPE, EQ, 18-May-2024,668.6,663.05,676.0,650.0,651.95,653.2,656.84,54544,358.27,3375, 31104, 57.03,-2.3
PRINCEPIPE, EQ, 20-Jun-2022,585.5,589.75,589.75,549.3,555.5,552.75,560.7,240029,1345.83,19938, 123239, 51.34,-5.59
PRINCEPIPE, EQ, 20-Jun-2023,671.8,665.0,669.9,661.0, 666.00,664.5,664.62,141619,941.23,6915, 63188, 44.62,-1.09
PRINCEPIPE, EQ, 20-Jun-2024,683.65,683.65,687.65,675.1,682.45,679.1,681.56,95149,648.5,5833, 49300, 51.81,-0.67
PRINCEPIPE, EQ, 20-Jul-2020,107.95,108.05,112.2,105.0, 110.90,110.05,110.14,181712,200.14,2579, 111029, 61.10,1.95
PRINCEPIPE, EQ, 20-Jul-2021,704.35,703.8,714.6,695.0, 699.60,697.35,703.08,436028,3065.61,28301, 229444, 52.62,-0.99
PRINCEPIPE, EQ, 20-Jul-2022,609.05,612.8,618.55,604.9, 608.00,605.85,612.98,130132,797.68,12223, 60753, 46.69,-0.53
PRINCEPIPE, EQ, 20-Jul-2023,630.4,637.0,644.8,630.95,634.75,633.95,636.2,218360,1389.21,9349, 98181, 44.96,0.56
PRINCEPIPE, EQ, 20-Aug-2020,151.85,151.8,154.0,148.0,150.5,151.25,151.6,97476,147.78,2125, 59806, 61.35,-0.4
PRINCEPIPE, EQ, 20-Aug-2021,646.15,646.0,650.0,631.95,639.9,638.8,639.25,217539,1390.62,18026, 103108, 47.40,-1.14
PRINCEPIPE, EQ, 20-Aug-2024,600.2,600.55,605.2,599.0,601.9,601.55,601.39,48517,291.77,4929, 23118, 47.65,0.22
PRINCEPIPE, EQ, 20-Sep-2021,707.95,707.95,707.95,680.5, 684.00,685.85,693.06,270860,1877.21,18308, 126111, 46.56,-3.12
PRINCEPIPE, EQ, 20-Sep-2022,584.7,587.2,595.75,585.15, 588.40,587.35,589.1,83488,491.83,5758, 38087, 45.62,0.45
PRINCEPIPE, EQ, 20-Sep-2023,719.35,717.55,723.05,703.95, 707.00,706.9,714.37,83333,595.3,6776, 41734, 50.08,-1.73
PRINCEPIPE, EQ, 20-Sep-2024,576.55,584.75,584.75,574.2,578.15,577.85,577.46,89817,518.66,6288, 52286, 58.21,0.23
PRINCEPIPE, EQ, 20-Oct-2020,230.1,230.0,243.05,228.3, 242.00,241.35,237.92,292233,695.29,7285, 185731, 63.56,4.89
PRINCEPIPE, EQ, 20-Oct-2021,730.2,728.9,734.0,693.1, 715.00,715.65,713.2,406411,2898.51,20831, 153047, 37.66,-1.99
PRINCEPIPE, EQ, 20-Oct-2022,571.5,569.0,571.7,565.0,570.0,568.35,567.18,78701,446.38,7652, 22689, 28.83,-0.55
PRINCEPIPE, EQ, 20-Oct-2023,697.75,697.0,706.35,687.3, 689.00,690.35,695.83,226340,1574.93,10642, 103312, 45.64,-1.06
PRINCEPIPE, EQ, 20-Nov-2020,258.45,261.05,271.0,261.05,262.5,262.1,263.69,263034,693.6,4581, 200349, 76.17,1.41
PRINCEPIPE, EQ, 20-Nov-2023,694.8,699.0,709.0,688.4, 691.50,691.9,697.78,154709,1079.53,9962, 50872, 32.88,-0.42
PRINCEPIPE, EQ, 19-Nov-2024,437.75,438.05,447.15,438.05,441.0,441.5,442.71,99079,438.63,8742, 45117, 45.54,0.86
PRINCEPIPE, EQ, 20-Dec-2021,709.55,698.0,701.8,672.05,687.0,687.8,687.62,222407,1529.32,21853, 140116, 63.00,-3.07
PRINCEPIPE, EQ, 20-Dec-2022,614.4,612.4,616.0,601.5,602.05,602.85,607.83,134766,819.14,5477, 85530, 63.47,-1.88
PRINCEPIPE, EQ, 20-Dec-2023,737.8,737.8,748.3,688.0, 699.00,698.35,721.78,382615,2761.65,26734, 143814, 37.59,-5.35
PRINCEPIPE, EQ, 20-Dec-2024,417.75,419.3,422.4,404.0,404.0,407.4,411.34,226567,931.96,19912, 126394, 55.79,-2.48
PRINCEPIPE, EQ, 21-Jan-2020,166.3,169.0,172.8,168.05, 171.90,171.65,171.07,579708,991.69,6947, 238418, 41.13,3.22
PRINCEPIPE, EQ, 21-Jan-2021,314.7,318.0,320.8,299.0, 300.00,301.4,312.0,327002,1020.26,15621, 139582, 42.69,-4.23
PRINCEPIPE, EQ, 21-Jan-2022,719.45,719.0,720.65,694.0, 704.30,702.2,706.93,200907,1420.27,15370, 110890, 55.19,-2.4
PRINCEPIPE, EQ, 21-Jan-2025,397.6,398.7,405.6,392.0,394.45,393.5,397.27,156935,623.45,15578, 56130, 35.77,-1.03
PRINCEPIPE, EQ, 21-Feb-2022,669.15,655.65,672.0,655.1, 668.25,666.6,665.96,141272,940.81,7972, 70035, 49.57,-0.38
PRINCEPIPE, EQ, 21-Feb-2023,575.7,576.0,580.2,572.35, 574.00,574.15,575.06,40363,232.11,4030, 18400, 45.59,-0.27
PRINCEPIPE, EQ, 21-Feb-2024,590.65,590.05,596.9,588.0, 589.85,588.9,590.31,131733,777.64,14003, 67325, 51.11,-0.3
PRINCEPIPE, EQ, 21-Feb-2025,270.3,270.3,287.05,270.0,276.0,276.1,277.44,291204,807.93,19230, 79487, 27.30,2.15
PRINCEPIPE, EQ, 21-Mar-2022,654.55,674.0,691.0,656.45,680.0,678.7,679.37,345829,2349.44,18412, 113267, 32.75,3.69
PRINCEPIPE, EQ, 21-Mar-2023,582.4,585.5,589.5,577.25, 583.00,580.85,582.96,43300,252.42,4928, 20729, 47.87,-0.27
PRINCEPIPE, EQ, 21-Mar-2024,529.95,543.8,552.35,535.0,544.8,544.25,541.98,351941,1907.44,19290, 124875, 35.48,2.7
PRINCEPIPE, EQ, 21-Mar-2025,248.7,250.3,262.55,248.0,256.95,256.7,255.35,561300,1433.27,24142, 224897, 40.07,3.22
PRINCEPIPE, EQ, 21-Apr-2020,101.15,100.6,100.6,98.0,98.95,98.75,99.41,87113,86.6,1398, 66748, 76.62,-2.37
PRINCEPIPE, EQ, 21-Apr-2022,681.3,687.0,706.3,683.5, 700.00,699.35,694.56,367722,2554.04,10542, 185263, 50.38,2.65
PRINCEPIPE, EQ, 21-Apr-2023,590.45,585.3,594.8,582.65, 589.00,590.6,588.54,45888,270.07,4986, 23170, 50.49,0.03
PRINCEPIPE, EQ, 21-Apr-2025,258.26,258.0,267.5,254.21,263.5,263.59,262.27,276738,725.8,16278, 139437, 50.39,2.06
PRINCEPIPE, EQ, 21-May-2020,78.1,78.95,78.95,77.0,77.4,77.35,77.59,268132,208.04,7639, 230159, 85.84,-0.96
PRINCEPIPE, EQ, 21-May-2021,688.4,695.0,742.7,677.55, 720.00,719.85,719.7,1327465,9553.76,45323, 473917, 35.70,4.57
PRINCEPIPE, EQ, 21-May-2024,653.2,651.85,651.85,632.25,640.0,641.35,639.59,242600,1551.64,15462, 90236, 37.20,-1.81
PRINCEPIPE, EQ, 21-Jun-2021,695.45,685.0,701.85,671.2, 684.00,684.45,687.25,316256,2173.47,25253, 157024, 49.65,-1.58
PRINCEPIPE, EQ, 21-Jun-2022,552.75,559.0,572.95,559.0,567.5,563.45,566.83,95569,541.72,7975, 32760, 34.28,1.94
PRINCEPIPE, EQ, 21-Jun-2023,664.5,665.0,669.75,661.25, 665.30,663.95,664.34,364808,2423.56,7682, 289558, 79.37,-0.08
PRINCEPIPE, EQ, 21-Jun-2024,679.1,686.0,697.3,685.95,692.0,692.15,692.7,184198,1275.93,10280, 84145, 45.68,1.92
PRINCEPIPE, EQ, 21-Jul-2020,110.05,111.2,111.75,107.7, 107.75,108.15,108.75,105943,115.21,1615, 71557, 67.54,-1.73
PRINCEPIPE, EQ, 21-Jul-2022,605.85,601.05,615.0,601.05,613.4,612.55,609.87,62913,383.68,4870, 24212, 38.48,1.11
PRINCEPIPE, EQ, 21-Jul-2023,633.95,637.0,637.0,625.0, 631.50,631.65,627.08,524104,3286.57,8878, 431630, 82.36,-0.36
PRINCEPIPE, EQ, 21-Aug-2020,151.25,151.7,167.4,151.7, 163.75,163.15,162.86,930217,1514.94,13004, 337388, 36.27,7.87
PRINCEPIPE, EQ, 21-Aug-2023,682.6,678.0,694.95,678.0, 689.00,689.5,688.76,122511,843.81,8301, 73847, 60.28,1.01
PRINCEPIPE, EQ, 21-Aug-2024,601.55,601.6,612.0,601.6,609.55,608.45,608.18,93972,571.52,6494, 50993, 54.26,1.15
PRINCEPIPE, EQ, 21-Sep-2020,226.3,224.0,243.2,224.0, 225.75,229.9,234.48,1650740,3870.69,32600, 623869, 37.79,1.59
PRINCEPIPE, EQ, 21-Sep-2021,685.85,685.05,692.9,665.0, 675.00,672.5,673.11,282807,1903.61,18495, 128447, 45.42,-1.95
PRINCEPIPE, EQ, 21-Sep-2022,587.35,590.9,597.0,587.35, 593.60,593.95,593.75,108610,644.88,7736, 40127, 36.95,1.12
PRINCEPIPE, EQ, 21-Sep-2023,706.9,710.6,712.5,692.0, 697.00,695.3,700.07,66777,467.49,6016, 34476, 51.63,-1.64
PRINCEPIPE, EQ, 21-Oct-2020,241.35,242.8,243.45,230.95, 235.00,234.75,237.13,109871,260.54,3314, 57652, 52.47,-2.73
PRINCEPIPE, EQ, 21-Oct-2021,715.65,719.0,740.0,713.2, 720.00,718.0,722.97,422593,3055.2,14616, 210260, 49.75,0.33
PRINCEPIPE, EQ, 21-Oct-2022,568.35,568.5,571.65,561.1,567.0,565.5,565.68,58824,332.76,4988, 28124, 47.81,-0.5
PRINCEPIPE, EQ, 21-Oct-2024,538.8,540.0,540.7,535.0, 535.00,535.9,536.96,65758,353.09,5580, 33535, 51.00,-0.54
PRINCEPIPE, EQ, 21-Nov-2022,568.7,563.05,565.65,550.5, 555.00,552.3,556.47,67468,375.44,5712, 29770, 44.12,-2.88
PRINCEPIPE, EQ, 21-Nov-2023,691.9,693.7,703.15,691.6, 696.00,693.9,696.28,119860,834.57,9362, 50951, 42.51,0.29
PRINCEPIPE, EQ, 21-Nov-2024,441.5,448.0,448.0,422.0,423.0,423.3,427.7,214830,918.83,20274, 108390, 50.45,-4.12
PRINCEPIPE, EQ, 21-Dec-2020,262.25,251.05,267.15,245.0, 249.15,249.65,253.46,246491,624.75,6196, 160790, 65.23,-4.8
PRINCEPIPE, EQ, 21-Dec-2021,687.8,690.0,705.3,690.0,695.0,695.75,698.44,105150,734.41,9068, 57097, 54.30,1.16
PRINCEPIPE, EQ, 21-Dec-2022,602.85,602.8,607.0,575.0, 582.00,580.35,593.66,226305,1343.49,9663, 147631, 65.24,-3.73
PRINCEPIPE, EQ, 21-Dec-2023,698.35,698.65,730.0,695.0, 722.00,726.1,719.33,350781,2523.28,29707, 90695, 25.86,3.97
PRINCEPIPE, EQ, 22-Jan-2020,171.65,172.5,176.0,171.5, 173.60,172.7,173.67,460701,800.08,6514, 194543, 42.23,0.61
PRINCEPIPE, EQ, 22-Jan-2021,301.4,303.8,305.3,285.0, 304.00,302.2,299.28,258681,774.19,7355, 115874, 44.79,0.27
PRINCEPIPE, EQ, 20-Jan-2024,695.35,697.8,701.25,695.45, 697.45,697.1,698.1,40724,284.29,4074, 20092, 49.34,0.25
PRINCEPIPE, EQ, 22-Jan-2025,393.5,394.0,399.35,384.0,391.2,393.35,392.21,186337,730.83,17417, 87013, 46.70,-0.04
PRINCEPIPE, EQ, 22-Feb-2021,420.2,422.0,422.0,396.8,403.5,400.9,404.99,222057,899.3,10221, 113520, 51.12,-4.59
PRINCEPIPE, EQ, 22-Feb-2022,666.6,644.0,675.85,644.0,658.7,660.2,662.65,171402,1135.8,12496, 68676, 40.07,-0.96
PRINCEPIPE, EQ, 22-Feb-2023,574.15,570.0,574.85,567.25, 573.00,572.15,570.05,146979,837.85,4626, 119670, 81.42,-0.35
PRINCEPIPE, EQ, 22-Feb-2024,588.9,589.85,594.05,584.4, 588.00,585.8,587.04,114195,670.37,9842, 64057, 56.09,-0.53
PRINCEPIPE, EQ, 22-Mar-2021,421.8,426.7,437.0,415.8,419.8,420.2,424.22,249238,1057.32,10100, 124599, 49.99,-0.38
PRINCEPIPE, EQ, 22-Mar-2022,678.7,683.8,698.4,655.0, 664.00,659.1,678.17,439276,2979.05,21409, 197856, 45.04,-2.89
PRINCEPIPE, EQ, 22-Mar-2023,580.85,580.8,584.0,577.3, 579.00,578.3,579.43,24201,140.23,2198, 13066, 53.99,-0.44
PRINCEPIPE, EQ, 22-Mar-2024,544.25,549.0,565.6,547.15,561.0,562.8,557.29,286123,1594.53,16239, 119449, 41.75,3.41
PRINCEPIPE, EQ, 22-Apr-2020,98.75,97.3,100.1,92.4,94.0,93.85,94.59,259909,245.85,4384, 185410, 71.34,-4.96
PRINCEPIPE, EQ, 22-Apr-2021,507.7,504.0,518.0,499.15,503.0,502.15,508.98,255529,1300.58,11517, 91329, 35.74,-1.09
PRINCEPIPE, EQ, 22-Apr-2022,699.35,696.35,704.85,682.45, 689.00,688.0,695.28,174488,1213.18,13319, 66820, 38.29,-1.62
PRINCEPIPE, EQ, 22-Apr-2024,612.2,615.0,624.9,612.75,622.0,620.85,619.25,155356,962.04,8251, 81178, 52.25,1.41
PRINCEPIPE, EQ, 22-Apr-2025,263.59,263.59,269.0,259.05,265.73,265.03,264.79,357346,946.22,15017, 192305, 53.81,0.55
PRINCEPIPE, EQ, 22-May-2020,77.35,76.9,76.9,75.3,75.55,75.7,75.9,132770,100.77,2154, 72630, 54.70,-2.13
PRINCEPIPE, EQ, 22-May-2023,572.25,572.0,604.85,571.05,595.75,594.2,593.84,321894,1911.54,16763, 75020, 23.31,3.84
PRINCEPIPE, EQ, 22-May-2024,641.35,638.0,644.8,628.5,637.0,638.1,635.47,226718,1440.73,16331, 83518, 36.84,-0.51
PRINCEPIPE, EQ, 22-Jun-2020,108.05,110.4,110.4,105.1, 107.00,106.5,106.9,340698,364.2,4633, 214789, 63.04,-1.43
PRINCEPIPE, EQ, 22-Jun-2021,684.45,690.85,703.3,680.0, 685.00,684.55,691.96,287608,1990.15,14449, 95919, 33.35,0.01
PRINCEPIPE, EQ, 22-Jun-2022,563.45,565.0,573.0,558.25,573.0,567.7,564.82,73846,417.09,6139, 34788, 47.11,0.75
PRINCEPIPE, EQ, 22-Jun-2023,663.95,668.0,674.05,655.65,658.0,657.6,665.5,148383,987.48,7098, 58406, 39.36,-0.96
PRINCEPIPE, EQ, 22-Jul-2020,108.15,108.0,109.8,106.5, 108.50,108.45,108.46,98417,106.74,2059, 59639, 60.60,0.28
PRINCEPIPE, EQ, 22-Jul-2021,697.35,701.0,710.0,694.0, 695.00,694.85,699.92,329921,2309.17,17796, 155257, 47.06,-0.36
PRINCEPIPE, EQ, 22-Jul-2022,612.55,616.0,616.0,594.0, 596.00,595.0,600.44,210142,1261.78,15263, 141186, 67.19,-2.87
PRINCEPIPE, EQ, 22-Jul-2024,671.35,667.0,679.9,661.0,676.0,674.05,672.59,93951,631.91,7774, 42142, 44.86,0.4
PRINCEPIPE, EQ, 22-Aug-2022,590.2,588.0,592.9,584.0, 588.20,586.1,587.92,137298,807.2,13980, 81441, 59.32,-0.69
PRINCEPIPE, EQ, 22-Aug-2023,689.5,693.45,700.5,688.55, 693.00,692.2,697.14,180059,1255.25,10222, 122996, 68.31,0.39
PRINCEPIPE, EQ, 22-Aug-2024,608.45,611.0,617.5,606.0,609.5,608.65,609.42,63951,389.73,5892, 34726, 54.30,0.03
PRINCEPIPE, EQ, 22-Sep-2020,229.9,227.4,230.0,218.0, 222.75,222.05,223.71,615288,1376.45,14553, 204490, 33.23,-3.41
PRINCEPIPE, EQ, 22-Sep-2021,672.5,683.0,710.0,678.0, 702.00,700.1,700.35,309924,2170.56,15474, 133395, 43.04,4.1
PRINCEPIPE, EQ, 22-Sep-2022,593.95,592.8,599.0,588.5, 591.00,590.2,593.81,102650,609.54,6774, 62338, 60.73,-0.63
PRINCEPIPE, EQ, 22-Sep-2023,695.3,695.35,700.95,685.3, 692.90,692.7,693.13,112184,777.58,7543, 65075, 58.01,-0.37
PRINCEPIPE, EQ, 22-Oct-2020,234.75,233.0,236.65,227.55, 230.40,229.85,231.06,81222,187.67,2213, 42228, 51.99,-2.09
PRINCEPIPE, EQ, 22-Oct-2021,718.0,722.0,731.65,708.6, 718.50,715.1,717.89,555477,3987.71,13649, 399283, 71.88,-0.4
PRINCEPIPE, EQ, 22-Oct-2024,535.9,537.1,537.3,521.4,523.5,523.5,526.08,132862,698.96,12282, 75565, 56.87,-2.31
PRINCEPIPE, EQ, 22-Nov-2021,838.25,852.0,859.0,737.55,794.55,788.95,801.21,644481,5163.65,44652, 276323, 42.88,-5.88
PRINCEPIPE, EQ, 22-Nov-2022,552.3,553.45,557.95,543.35, 546.70,548.8,550.78,58556,322.52,5139, 24422, 41.71,-0.63
PRINCEPIPE, EQ, 22-Nov-2023,693.9,697.0,698.85,681.2, 687.90,684.85,688.25,121480,836.09,9011, 47894, 39.43,-1.3
PRINCEPIPE, EQ, 22-Nov-2024,423.3,423.0,428.05,418.65,423.0,422.8,422.66,92580,391.3,9826, 42275, 45.66,-0.12
PRINCEPIPE, EQ, 22-Dec-2020,249.65,245.05,257.5,244.55, 257.05,256.15,249.06,146038,363.73,3941, 88837, 60.83,2.6
PRINCEPIPE, EQ, 22-Dec-2021,695.75,695.75,707.0,694.95, 701.00,699.95,700.56,71093,498.05,7874, 41576, 58.48,0.6
PRINCEPIPE, EQ, 22-Dec-2022,580.35,582.0,603.0,553.25, 574.00,571.2,570.86,173765,991.95,12924, 54784, 31.53,-1.58
PRINCEPIPE, EQ, 22-Dec-2023,726.1,720.15,739.45,720.15, 732.45,734.6,732.61,171589,1257.08,13837, 66842, 38.95,1.17
PRINCEPIPE, EQ, 23-Jan-2020,172.7,173.4,175.0,171.3, 172.25,172.85,173.31,270044,468.02,3542, 71241, 26.38,0.09
PRINCEPIPE, EQ, 23-Jan-2023,590.5,589.15,609.5,589.15,602.15,601.75,600.52,253378,1521.59,8549, 181350, 71.57,1.91
PRINCEPIPE, EQ, 23-Jan-2024,697.1,698.0,703.0,675.0, 678.00,677.3,684.18,130998,896.26,14778, 59109, 45.12,-2.84
PRINCEPIPE, EQ, 23-Jan-2025,393.35,393.45,400.05,388.4,390.05,390.4,391.53,81221,318.01,7821, 36194, 44.56,-0.75
PRINCEPIPE, EQ, 23-Feb-2021,400.9,400.0,412.85,397.0, 402.00,400.5,402.45,177106,712.76,10458, 91048, 51.41,-0.1
PRINCEPIPE, EQ, 23-Feb-2022,660.2,660.8,673.0,660.8,665.3,664.3,665.6,101026,672.43,8921, 48470, 47.98,0.62
PRINCEPIPE, EQ, 23-Feb-2023,572.15,571.45,574.4,562.5,564.95,564.25,567.75,159429,905.17,5566, 128345, 80.50,-1.38
PRINCEPIPE, EQ, 23-Feb-2024,585.8,590.0,594.35,585.3, 590.00,587.5,587.8,119365,701.63,10915, 70390, 58.97,0.29
PRINCEPIPE, EQ, 23-Mar-2020,109.9,100.0,103.95,98.05, 98.05,98.2,99.63,78084,77.79,1609, 55231, 70.73,-10.65
PRINCEPIPE, EQ, 23-Mar-2021,420.2,425.7,425.7,405.0, 409.15,406.65,407.48,1381851,5630.73,18485, 986054, 71.36,-3.22
PRINCEPIPE, EQ, 23-Mar-2022,659.1,670.0,673.95,658.6, 659.80,660.05,663.3,238248,1580.29,9860, 130296, 54.69,0.14
PRINCEPIPE, EQ, 23-Mar-2023,578.3,577.75,581.1,570.0, 573.85,573.8,574.62,50808,291.95,4039, 29291, 57.65,-0.78
PRINCEPIPE, EQ, 23-Apr-2020,93.85,94.9,101.0,94.0,98.0,98.6,97.83,153086,149.77,2390, 68839, 44.97,5.06
PRINCEPIPE, EQ, 23-Apr-2021,502.15,503.0,511.9,487.0,490.8,490.05,498.81,300405,1498.46,16054, 153854, 51.22,-2.41
PRINCEPIPE, EQ, 23-Apr-2024,620.85,621.95,627.1,615.2,622.8,621.85,621.5,124730,775.19,9833, 56194, 45.05,0.16
PRINCEPIPE, EQ, 23-Apr-2025,265.03,265.7,266.8,259.65,262.0,262.99,262.81,294662,774.4,9961, 205069, 69.59,-0.77
PRINCEPIPE, EQ, 23-May-2022,634.9,647.7,650.0,628.5,633.6,634.75,641.53,156705,1005.31,10432, 64061, 40.88,-0.02
PRINCEPIPE, EQ, 23-May-2023,594.2,597.3,597.95,583.0, 586.90,584.55,588.83,93412,550.04,7514, 49790, 53.30,-1.62
PRINCEPIPE, EQ, 23-May-2024,638.1,637.0,651.95,633.05,635.5,635.65,640.44,244329,1564.78,7376, 184432, 75.49,-0.38
PRINCEPIPE, EQ, 23-Jun-2020,106.5,107.5,111.8,106.55, 111.80,111.8,109.33,279425,305.49,3392, 182525, 65.32,4.98
PRINCEPIPE, EQ, 23-Jun-2021,684.55,688.8,689.8,675.25, 684.70,683.4,683.68,297794,2035.96,12858, 103206, 34.66,-0.17
PRINCEPIPE, EQ, 23-Jun-2022,567.7,577.75,583.75,561.1,574.0,568.5,571.12,97788,558.49,8768, 36437, 37.26,0.14
PRINCEPIPE, EQ, 23-Jun-2023,657.6,660.55,663.0,637.1, 640.00,640.3,647.17,125321,811.04,8039, 59167, 47.21,-2.63
PRINCEPIPE, EQ, 23-Jul-2020,108.45,107.15,109.5,107.15, 108.50,108.55,108.64,49787,54.09,1056, 26996, 54.22,0.09
PRINCEPIPE, EQ, 23-Jul-2021,694.85,700.0,700.95,685.05,695.0,695.2,691.99,342418,2369.51,20543, 146536, 42.79,0.05
PRINCEPIPE, EQ, 23-Jul-2024,674.05,674.0,686.05,661.0,675.2,676.25,674.95,111906,755.3,10720, 46216, 41.30,0.33
PRINCEPIPE, EQ, 23-Aug-2021,638.8,643.05,648.55,615.05, 623.40,621.25,628.68,273088,1716.84,25469, 99392, 36.40,-2.75
PRINCEPIPE, EQ, 23-Aug-2022,586.1,580.8,592.3,578.15, 587.10,585.5,582.71,127642,743.78,12262, 60801, 47.63,-0.1
PRINCEPIPE, EQ, 23-Aug-2023,692.2,695.8,700.5,686.0, 687.80,693.05,696.75,137600,958.73,9012, 76272, 55.43,0.12
PRINCEPIPE, EQ, 23-Aug-2024,608.65,608.65,612.9,579.7,582.7,582.0,588.21,321172,1889.16,14733, 233127, 72.59,-4.38
PRINCEPIPE, EQ, 23-Sep-2020,222.05,224.95,232.55,219.8, 228.75,229.25,226.62,715443,1621.35,13217, 291686, 40.77,3.24
PRINCEPIPE, EQ, 23-Sep-2021,700.1,708.2,715.0,699.0, 703.00,701.25,705.59,175184,1236.08,10616, 95179, 54.33,0.16
PRINCEPIPE, EQ, 23-Sep-2022,590.2,592.8,594.75,583.85, 587.00,586.1,586.74,86501,507.53,8234, 46714, 54.00,-0.69
PRINCEPIPE, EQ, 23-Sep-2024,577.85,578.0,582.25,575.05,581.05,580.2,580.08,116994,678.66,6641, 63628, 54.39,0.41
PRINCEPIPE, EQ, 23-Oct-2020,229.85,231.0,232.85,228.9, 231.85,229.95,231.16,47183,109.07,1523, 25347, 53.72,0.04
PRINCEPIPE, EQ, 23-Oct-2023,690.35,690.35,694.45,645.0, 650.00,650.3,664.69,205354,1364.96,17116, 92144, 44.87,-5.8
PRINCEPIPE, EQ, 23-Oct-2024,523.5,523.5,529.9,509.25,515.85,514.25,516.25,175069,903.8,15137, 84973, 48.54,-1.77
PRINCEPIPE, EQ, 23-Nov-2020,262.1,266.5,266.95,260.0, 263.00,263.0,263.61,85976,226.64,2288, 49628, 57.72,0.34
PRINCEPIPE, EQ, 23-Nov-2021,788.95,788.0,826.1,757.0,821.0,820.1,808.69,340808,2756.07,17865, 165591, 48.59,3.95
PRINCEPIPE, EQ, 23-Nov-2022,548.8,549.15,553.3,545.0,548.55,549.75,549.44,92759,509.65,3783, 62466, 67.34,0.17
PRINCEPIPE, EQ, 23-Nov-2023,684.85,687.0,691.45,674.0, 676.00,676.7,681.25,100240,682.89,7293, 40155, 40.06,-1.19
PRINCEPIPE, EQ, 23-Dec-2020,256.15,257.0,266.95,252.25,265.0,265.2,261.66,181096,473.85,4878, 135978, 75.09,3.53
PRINCEPIPE, EQ, 23-Dec-2021,699.95,704.95,710.7,699.0, 699.05,700.8,703.49,64505,453.79,6035, 38237, 59.28,0.12
PRINCEPIPE, EQ, 23-Dec-2022,571.2,567.1,567.1,545.0, 553.25,552.2,553.11,157170,869.32,12566, 71939, 45.77,-3.33
PRINCEPIPE, EQ, 23-Dec-2024,407.4,416.95,416.95,402.1,407.0,405.5,405.27,162086,656.88,12445, 61589, 38.00,-0.47
PRINCEPIPE, EQ, 24-Jan-2020,172.85,172.3,173.7,170.55,172.0,171.8,171.98,201038,345.75,3247, 88865, 44.20,-0.61
PRINCEPIPE, EQ, 24-Jan-2022,702.2,702.0,702.0,667.05,679.95,683.2,682.26,614721,4193.98,31157, 468350, 76.19,-2.71
PRINCEPIPE, EQ, 24-Jan-2023,601.75,603.0,607.8,597.65,600.95,599.95,601.89,53709,323.27,4435, 24440, 45.50,-0.3
PRINCEPIPE, EQ, 24-Jan-2024,677.3,677.0,688.9,670.05, 686.60,685.2,679.81,63889,434.32,7499, 29834, 46.70,1.17
PRINCEPIPE, EQ, 24-Jan-2025,390.4,392.0,393.3,380.25,382.0,382.55,384.57,134169,515.98,12472, 59277, 44.18,-2.01
PRINCEPIPE, EQ, 24-Feb-2020,181.85,179.95,181.7,175.8, 181.50,179.55,178.66,331633,592.5,7547, 154683, 46.64,-1.26
PRINCEPIPE, EQ, 24-Feb-2021,400.5,406.0,417.0,401.1, 406.00,406.65,408.72,108052,441.63,6469, 32656, 30.22,1.54
PRINCEPIPE, EQ, 24-Feb-2022,664.3,654.0,659.0,610.0, 625.00,617.85,627.38,339759,2131.6,33934, 176804, 52.04,-6.99
PRINCEPIPE, EQ, 24-Feb-2023,564.25,564.0,573.55,556.55, 559.20,558.55,564.61,56996,321.8,5285, 26224, 46.01,-1.01
PRINCEPIPE, EQ, 24-Feb-2025,276.1,276.1,276.1,265.35,273.0,273.0,270.64,199805,540.75,14972, 73294, 36.68,-1.12
PRINCEPIPE, EQ, 24-Mar-2020,98.2,100.0,103.6,93.0, 96.05,96.15,95.66,81615,78.07,1372, 52682, 64.55,-2.09
PRINCEPIPE, EQ, 24-Mar-2021,406.65,408.0,413.2,399.0, 404.70,407.65,406.31,225399,915.81,8442, 113104, 50.18,0.25
PRINCEPIPE, EQ, 24-Mar-2022,660.05,663.0,663.9,650.0, 652.00,651.1,654.55,136965,896.51,13299, 81560, 59.55,-1.36
PRINCEPIPE, EQ, 24-Mar-2023,573.8,572.0,576.65,561.0, 563.95,563.9,567.76,37497,212.89,3924, 16375, 43.67,-1.73
PRINCEPIPE, EQ, 24-Mar-2025,256.7,258.25,266.8,258.25,259.9,260.05,262.8,424138,1114.62,17568, 187282, 44.16,1.31
PRINCEPIPE, EQ, 24-Apr-2020,98.6,98.35,98.35,92.0,94.3,94.05,93.67,215386,201.76,2977, 150553, 69.90,-4.61
PRINCEPIPE, EQ, 24-Apr-2023,590.6,595.3,598.0,583.75, 595.95,594.45,592.12,97203,575.56,6366, 50258, 51.70,0.65
PRINCEPIPE, EQ, 24-Apr-2024,621.85,627.75,631.0,619.2, 624.00,626.75,624.37,179964,1123.65,9954, 100316, 55.74,0.79
PRINCEPIPE, EQ, 24-Apr-2025,262.99,262.95,267.0,260.33,263.0,263.49,264.18,266126,703.05,11704, 129399, 48.62,0.19
PRINCEPIPE, EQ, 24-May-2021,719.85,723.8,794.4,712.85, 740.00,739.15,755.38,1629154,12306.36,54327, 592059, 36.34,2.68
PRINCEPIPE, EQ, 24-May-2022,634.75,637.8,642.4,621.9,623.0,624.65,631.38,131294,828.96,13819, 74682, 56.88,-1.59
PRINCEPIPE, EQ, 24-May-2023,584.55,585.65,587.55,578.65, 583.00,580.65,582.47,63056,367.28,5307, 37194, 58.99,-0.67
PRINCEPIPE, EQ, 24-May-2024,635.65,635.5,646.9,627.35,629.55,630.65,636.35,119464,760.21,9307, 42397, 35.49,-0.79
PRINCEPIPE, EQ, 24-Jun-2020,111.8,115.9,117.35,111.7,112.35,112.2,115.27,492301,567.46,5524, 269055, 54.65,0.36
PRINCEPIPE, EQ, 24-Jun-2021,683.4,687.3,698.8,681.7, 694.75,690.0,691.89,409885,2835.97,12855, 72051, 17.58,0.97
PRINCEPIPE, EQ, 24-Jun-2022,568.5,579.0,580.7,571.6, 576.00,575.4,575.81,52337,301.36,4324, 24003, 45.86,1.21
PRINCEPIPE, EQ, 24-Jun-2024,692.15,698.95,699.55,679.75,685.0,685.35,690.42,137702,950.72,9693, 59252, 43.03,-0.98
PRINCEPIPE, EQ, 24-Jul-2020,108.55,108.0,108.7,106.05,107.1,106.75,107.21,87422,93.73,2148, 33619, 38.46,-1.66
PRINCEPIPE, EQ, 24-Jul-2023,631.65,631.1,641.05,627.7, 633.00,630.0,633.65,159204,1008.8,9237, 71839, 45.12,-0.26
PRINCEPIPE, EQ, 24-Jul-2024,676.25,678.15,689.0,676.0,678.5,677.3,680.79,98018,667.3,8179, 49904, 50.91,0.16
PRINCEPIPE, EQ, 24-Aug-2020,163.15,165.5,178.5,164.1,166.55,166.35,171.19,1074340,1839.11,15368, 326236, 30.37,1.96
PRINCEPIPE, EQ, 24-Aug-2021,621.25,621.55,622.0,610.3, 615.30,613.0,614.87,259044,1592.77,21507, 139089, 53.69,-1.33
PRINCEPIPE, EQ, 24-Aug-2022,585.5,588.0,592.0,579.7,581.0,580.6,581.57,378907,2203.62,12599, 278716, 73.56,-0.84
PRINCEPIPE, EQ, 24-Aug-2023,693.05,695.0,696.75,680.9, 685.45,685.0,687.17,92600,636.32,6957, 54199, 58.53,-1.16
PRINCEPIPE, EQ, 24-Sep-2020,229.25,224.85,244.0,221.3, 239.20,240.6,233.46,1496077,3492.67,20223, 776722, 51.92,4.95
PRINCEPIPE, EQ, 24-Sep-2021,701.25,707.0,709.45,691.0, 698.00,698.6,697.65,283175,1975.56,11358, 203780, 71.96,-0.38
PRINCEPIPE, EQ, 24-Sep-2024,580.2,578.0,584.85,576.3,580.5,581.95,581.44,87113,506.51,5191, 48161, 55.29,0.3
PRINCEPIPE, EQ, 24-Oct-2024,514.25,515.0,516.0,507.0,509.65,508.65,509.31,106880,544.35,10018, 56352, 52.72,-1.09
PRINCEPIPE, EQ, 24-Nov-2020,263.0,264.95,266.0,254.2, 258.00,257.6,260.6,93584,243.88,2192, 65966, 70.49,-2.05
PRINCEPIPE, EQ, 24-Nov-2021,820.1,824.0,825.0,791.0, 800.05,797.55,808.28,209020,1689.47,15141, 114994, 55.02,-2.75
PRINCEPIPE, EQ, 24-Nov-2022,549.75,551.55,552.85,547.05, 550.10,550.2,550.2,85989,473.11,3739, 61080, 71.03,0.08
PRINCEPIPE, EQ, 24-Nov-2023,676.7,677.95,684.7,673.55, 678.55,675.1,677.92,86527,586.58,7652, 35956, 41.55,-0.24
PRINCEPIPE, EQ, 24-Dec-2020,265.2,266.75,283.85,261.95, 272.00,271.7,274.98,632942,1740.46,17044, 345503, 54.59,2.45
PRINCEPIPE, EQ, 24-Dec-2021,700.8,708.45,708.45,692.0, 697.95,695.7,696.5,67798,472.21,8207, 37507, 55.32,-0.73
PRINCEPIPE, EQ, 24-Dec-2024,405.5,413.7,415.0,403.05,405.1,405.05,406.0,172603,700.77,12572, 53655, 31.09,-0.11
PRINCEPIPE, EQ, 25-Jan-2021,302.2,306.4,306.4,291.65, 296.55,299.45,299.78,157600,472.45,9596, 89929, 57.06,-0.91
PRINCEPIPE, EQ, 25-Jan-2022,683.2,671.75,705.0,660.1,689.4,685.6,685.53,340796,2336.27,18139, 217539, 63.83,0.35
PRINCEPIPE, EQ, 25-Jan-2023,599.95,601.95,601.95,594.1, 599.75,598.2,597.68,66015,394.56,7480, 31701, 48.02,-0.29
PRINCEPIPE, EQ, 25-Jan-2024,685.2,687.3,691.9,681.0, 685.00,689.2,686.14,131781,904.2,9953, 81669, 61.97,0.58
PRINCEPIPE, EQ, 25-Feb-2020,179.55,180.7,183.7,175.5, 177.55,177.5,178.78,226044,404.13,3816, 81532, 36.07,-1.14
PRINCEPIPE, EQ, 25-Feb-2021,406.65,410.9,412.4,404.25, 407.00,405.6,407.57,88073,358.96,3910, 57364, 65.13,-0.26
PRINCEPIPE, EQ, 25-Feb-2022,617.85,626.2,650.0,624.05,648.0,644.25,638.78,202410,1292.96,19323, 89948, 44.44,4.27
PRINCEPIPE, EQ, 25-Feb-2025,273.0,274.4,276.45,269.2,276.0,273.65,272.44,144774,394.42,12091, 69542, 48.03,0.24
PRINCEPIPE, EQ, 25-Mar-2020,96.15,92.1,99.95,91.45, 97.20,97.8,94.27,74653,70.37,1487, 48946, 65.56,1.72
PRINCEPIPE, EQ, 25-Mar-2021,407.65,410.0,421.85,400.0,413.4,414.8,408.43,212372,867.38,7972, 89608, 42.19,1.75
PRINCEPIPE, EQ, 25-Mar-2022,651.1,652.0,660.0,643.65,647.5,647.1,652.36,126749,826.86,7323, 59645, 47.06,-0.61
PRINCEPIPE, EQ, 25-Mar-2025,260.05,260.65,263.3,251.0,251.45,251.95,254.42,324353,825.21,14485, 199948, 61.65,-3.11
PRINCEPIPE, EQ, 25-Apr-2022,688.0,680.0,687.95,670.0,674.0,673.65,679.27,109486,743.71,9268, 53532, 48.89,-2.09
PRINCEPIPE, EQ, 25-Apr-2023,594.45,598.0,599.0,585.1,588.8,587.4,593.0,44501,263.89,2645, 21049, 47.30,-1.19
PRINCEPIPE, EQ, 25-Apr-2024,626.75,628.3,633.7,621.45, 627.90,624.0,626.14,94501,591.71,8495, 50015, 52.93,-0.44
PRINCEPIPE, EQ, 25-Apr-2025,263.49,263.49,263.49,251.45,252.69,252.89,254.97,270856,690.61,15789, 125258, 46.25,-4.02
PRINCEPIPE, EQ, 25-May-2021,739.15,746.8,759.95,708.0, 732.80,730.1,733.83,1016069,7456.21,39265, 472575, 46.51,-1.22
PRINCEPIPE, EQ, 25-May-2022,624.65,625.0,633.8,620.0, 623.00,622.1,626.29,103224,646.48,12679, 52143, 50.51,-0.41
PRINCEPIPE, EQ, 25-May-2023,580.65,583.95,592.0,578.1, 587.90,585.55,585.49,99414,582.06,7026, 36365, 36.58,0.84
PRINCEPIPE, EQ, 25-Jun-2020,112.2,111.0,111.95,106.6, 110.90,110.2,110.08,185976,204.72,3046, 99274, 53.38,-1.78
PRINCEPIPE, EQ, 25-Jun-2021,690.0,693.8,707.5,693.4, 695.00,695.05,698.19,377417,2635.11,14739, 92570, 24.53,0.73
PRINCEPIPE, EQ, 25-Jun-2024,685.35,685.35,690.45,663.9,671.0,670.45,674.56,142854,963.63,9019, 68136, 47.70,-2.17
PRINCEPIPE, EQ, 25-Jul-2022,595.0,593.05,594.8,589.0, 594.05,593.8,593.51,308522,1831.09,7015, 263955, 85.55,-0.2
PRINCEPIPE, EQ, 25-Jul-2023,630.0,631.05,648.3,629.55, 643.35,645.3,641.39,200654,1286.98,10536, 112816, 56.22,2.43
PRINCEPIPE, EQ, 25-Jul-2024,677.3,668.7,677.95,668.7,670.0,670.25,672.28,41838,281.27,3820, 20916, 49.99,-1.04
PRINCEPIPE, EQ, 25-Aug-2020,166.35,172.2,178.0,170.85, 172.95,172.45,174.81,822519,1437.82,18053, 465699, 56.62,3.67
PRINCEPIPE, EQ, 25-Aug-2021,613.0,614.0,615.95,603.0, 606.90,604.25,610.0,260737,1590.5,17212, 152143, 58.35,-1.43
PRINCEPIPE, EQ, 25-Aug-2022,580.6,582.0,586.1,580.0,582.0,581.3,583.2,76993,449.03,6204, 36945, 47.98,0.12
PRINCEPIPE, EQ, 25-Aug-2023,685.0,689.0,710.0,675.05, 696.20,695.85,698.7,459216,3208.55,20005, 170980, 37.23,1.58
PRINCEPIPE, EQ, 25-Sep-2020,240.6,244.4,260.75,242.0, 244.95,244.75,250.48,2104632,5271.64,37664, 942417, 44.78,1.72
PRINCEPIPE, EQ, 25-Sep-2023,692.7,692.75,704.05,688.25, 700.95,700.25,698.35,78000,544.72,8551, 35017, 44.89,1.09
PRINCEPIPE, EQ, 25-Sep-2024,581.95,584.95,584.95,573.1,574.0,574.2,576.48,86440,498.31,9292, 55278, 63.95,-1.33
PRINCEPIPE, EQ, 25-Oct-2021,715.1,716.0,719.4,690.0, 704.45,704.05,703.74,446933,3145.27,19241, 286954, 64.21,-1.55
PRINCEPIPE, EQ, 25-Oct-2022,564.65,565.5,565.95,551.25,553.0,552.1,554.4,173890,964.05,12929, 100438, 57.76,-2.22
PRINCEPIPE, EQ, 25-Oct-2023,650.3,650.3,656.65,628.15,632.0,630.3,639.64,156223,999.27,13443, 69650, 44.58,-3.08
PRINCEPIPE, EQ, 25-Oct-2024,508.65,509.95,510.75,496.85,500.8,501.35,501.6,151502,759.93,13088, 87181, 57.54,-1.44
PRINCEPIPE, EQ, 25-Nov-2020,257.6,260.8,260.8,251.65, 254.00,253.75,255.38,120191,306.95,2793, 70744, 58.86,-1.49
PRINCEPIPE, EQ, 25-Nov-2021,797.55,803.4,812.8,784.65,802.2,800.45,799.87,185655,1484.99,12058, 103540, 55.77,0.36
PRINCEPIPE, EQ, 25-Nov-2022,550.2,553.0,553.0,544.35,549.8,548.8,548.85,38484,211.22,3929, 19937, 51.81,-0.25
PRINCEPIPE, EQ, 25-Nov-2024,422.8,429.15,431.15,423.3,426.7,426.4,426.49,204288,871.27,13707, 112634, 55.13,0.85
PRINCEPIPE, EQ, 26-Feb-2020,177.5,176.0,178.0,173.0, 173.05,174.3,174.88,290315,507.7,3540, 173647, 59.81,-1.8
PRINCEPIPE, EQ, 26-Feb-2021,405.6,400.0,405.55,396.0,403.25,401.75,401.14,95287,382.24,3879, 52569, 55.17,-0.95
PRINCEPIPE, EQ, 26-Feb-2024,587.5,590.0,591.95,578.6, 585.30,582.65,583.81,100149,584.68,7916, 53670, 53.59,-0.83
PRINCEPIPE, EQ, 26-Mar-2020,97.8,100.0,102.9,97.0, 99.50,99.95,99.72,176026,175.54,2110, 137005, 77.83,2.2
PRINCEPIPE, EQ, 26-Mar-2021,414.8,419.0,421.9,405.0,409.0,410.7,414.09,104802,433.97,5001, 52314, 49.92,-0.99
PRINCEPIPE, EQ, 26-Mar-2024,562.8,562.8,572.75,559.05,565.0,565.85,566.13,318718,1804.35,22266, 94011, 29.50,0.54
PRINCEPIPE, EQ, 26-Mar-2025,251.95,252.0,253.15,243.15,243.8,244.55,246.66,274884,678.04,15486, 145350, 52.88,-2.94
PRINCEPIPE, EQ, 26-Apr-2021,490.05,496.0,504.85,484.35, 490.00,489.85,495.53,205017,1015.92,11084, 86125, 42.01,-0.04
PRINCEPIPE, EQ, 26-Apr-2022,673.65,679.0,684.4,666.05, 669.00,668.2,671.96,148200,995.85,9958, 83859, 56.59,-0.81
PRINCEPIPE, EQ, 26-Apr-2023,587.4,590.5,607.2,584.2, 601.00,601.35,599.62,119028,713.72,8345, 46008, 38.65,2.37
PRINCEPIPE, EQ, 26-Apr-2024,624.0,630.0,651.0,624.0, 633.00,634.7,638.57,311976,1992.18,24435, 130237, 41.75,1.71
PRINCEPIPE, EQ, 26-May-2020,75.7,76.7,82.65,76.05, 79.00,79.75,80.09,324198,259.64,5198, 149381, 46.08,5.35
PRINCEPIPE, EQ, 26-May-2021,730.1,733.8,745.6,722.0, 732.00,731.8,735.16,437581,3216.91,22720, 175839, 40.18,0.23
PRINCEPIPE, EQ, 26-May-2022,622.1,633.95,640.0,619.0,628.0,625.05,627.54,198705,1246.95,21281, 87247, 43.91,0.47
PRINCEPIPE, EQ, 26-May-2023,585.55,611.15,624.9,605.0,610.0,610.3,613.11,1505510,9230.48,40348, 238622, 15.85,4.23
PRINCEPIPE, EQ, 26-Jun-2020,110.2,113.7,115.7,113.6, 115.70,115.7,115.1,363811,418.74,3152, 251656, 69.17,4.99
PRINCEPIPE, EQ, 26-Jun-2023,640.3,640.3,652.1,640.0, 642.65,642.7,644.95,115753,746.55,10657, 54840, 47.38,0.37
PRINCEPIPE, EQ, 26-Jun-2024,670.45,675.0,720.8,675.0,696.0,692.6,703.88,1471964,10360.8,55426, 316857, 21.53,3.3
PRINCEPIPE, EQ, 26-Jul-2021,695.2,690.0,694.0,672.55,676.15,675.5,676.4,647289,4378.25,47112, 338353, 52.27,-2.83
PRINCEPIPE, EQ, 26-Jul-2022,593.8,590.1,594.0,586.85,589.0,589.7,590.41,58246,343.89,5585, 31937, 54.83,-0.69
PRINCEPIPE, EQ, 26-Jul-2023,645.3,648.4,648.4,638.0, 639.00,639.25,641.1,85009,544.99,5394, 45684, 53.74,-0.94
PRINCEPIPE, EQ, 26-Jul-2024,670.25,670.25,684.9,670.1, 673.40,671.9,673.28,84479,568.78,5823, 43360, 51.33,0.25
PRINCEPIPE, EQ, 26-Aug-2020,172.45,174.4,186.0,173.55, 183.00,184.85,180.99,1138198,2060.01,14516, 499590, 43.89,7.19
PRINCEPIPE, EQ, 26-Aug-2021,604.25,604.0,612.5,595.25, 604.00,603.5,603.65,321375,1939.96,19150, 161114, 50.13,-0.12
PRINCEPIPE, EQ, 26-Aug-2022,581.3,584.7,587.85,578.35,582.0,580.6,582.76,90564,527.77,7736, 50556, 55.82,-0.12
PRINCEPIPE, EQ, 26-Aug-2024,582.0,582.05,595.35,582.05,588.8,588.6,587.67,322068,1892.7,10131, 219194, 68.06,1.13
PRINCEPIPE, EQ, 26-Sep-2022,586.1,581.6,585.0,571.5,581.7,577.6,576.36,116938,673.98,12522, 58711, 50.21,-1.45
PRINCEPIPE, EQ, 26-Sep-2023,700.25,703.9,724.45,702.05, 708.00,706.55,714.54,178984,1278.92,13012, 67536, 37.73,0.9
PRINCEPIPE, EQ, 26-Sep-2024,574.2,575.0,577.0,567.5,567.55,568.1,569.87,109422,623.56,7203, 68329, 62.45,-1.06
PRINCEPIPE, EQ, 26-Oct-2020,229.95,229.45,232.9,225.0,226.0,226.95,228.43,58358,133.31,2008, 31602, 54.15,-1.3
PRINCEPIPE, EQ, 26-Oct-2021,704.05,704.05,725.75,701.7, 719.95,713.85,709.95,494458,3510.41,17525, 357955, 72.39,1.39
PRINCEPIPE, EQ, 26-Oct-2023,630.3,625.0,650.3,613.3, 637.50,636.75,627.39,114049,715.53,10732, 45460, 39.86,1.02
PRINCEPIPE, EQ, 26-Nov-2020,253.75,255.8,268.75,252.55, 260.00,260.3,261.8,292850,766.69,6098, 199872, 68.25,2.58
PRINCEPIPE, EQ, 26-Nov-2021,800.45,810.0,810.0,765.6, 769.00,771.4,786.29,195173,1534.63,15402, 111574, 57.17,-3.63
PRINCEPIPE, EQ, 26-Nov-2024,426.4,434.9,434.95,423.15,425.0,424.4,428.58,149927,642.55,12797, 70469, 47.00,-0.47
PRINCEPIPE, EQ, 26-Dec-2022,552.2,552.15,577.45,545.0,570.0,568.95,565.8,122288,691.9,9118, 40695, 33.28,3.03
PRINCEPIPE, EQ, 26-Dec-2023,734.6,736.8,745.5,733.15, 742.50,738.5,739.9,197626,1462.24,12416, 71517, 36.19,0.53
PRINCEPIPE, EQ, 26-Dec-2024,405.05,408.9,408.9,396.0,398.0,397.25,399.22,267244,1066.9,18662, 131287, 49.13,-1.93
PRINCEPIPE, EQ, 27-Jan-2020,171.8,171.2,177.0,170.25, 174.70,174.3,174.7,690849,1206.94,8318, 472301, 68.37,1.46
PRINCEPIPE, EQ, 27-Jan-2021,299.45,300.0,300.0,289.0, 295.00,295.2,294.74,157045,462.88,7362, 74358, 47.35,-1.42
PRINCEPIPE, EQ, 27-Jan-2022,685.6,684.9,684.9,658.95, 672.75,673.0,676.76,269330,1822.72,13518, 194827, 72.34,-1.84
PRINCEPIPE, EQ, 27-Jan-2023,598.2,596.35,606.1,590.1, 606.10,603.7,598.55,133796,800.84,11911, 77693, 58.07,0.92
PRINCEPIPE, EQ, 27-Jan-2025,382.55,382.55,382.55,370.0,373.85,372.95,372.36,112753,419.84,12123, 48711, 43.20,-2.51
PRINCEPIPE, EQ, 27-Feb-2020,174.3,174.0,176.05,173.0, 175.00,174.6,174.49,240793,420.15,4916, 134325, 55.78,0.17
PRINCEPIPE, EQ, 27-Feb-2023,558.55,558.55,559.85,548.0, 552.00,550.35,552.16,61768,341.06,6503, 32528, 52.66,-1.47
PRINCEPIPE, EQ, 27-Feb-2024,582.65,584.5,595.0,582.7, 590.10,591.4,590.31,116474,687.56,10636, 53328, 45.79,1.5
PRINCEPIPE, EQ, 27-Feb-2025,273.65,275.6,275.6,270.85,275.0,274.55,272.98,151055,412.35,10397, 95001, 62.89,0.33
PRINCEPIPE, EQ, 27-Mar-2020,99.95,101.0,103.0,94.0, 97.20,99.1,99.34,172792,171.65,2754, 119695, 69.27,-0.85
PRINCEPIPE, EQ, 27-Mar-2023,563.9,565.2,566.9,549.0, 552.00,550.2,553.14,74842,413.98,6560, 42779, 57.16,-2.43
PRINCEPIPE, EQ, 27-Mar-2024,565.85,569.8,573.0,555.0, 555.00,556.7,562.94,157376,885.93,12247, 87436, 55.56,-1.62
PRINCEPIPE, EQ, 27-Mar-2025,244.55,242.3,255.6,240.45,253.05,253.45,248.12,537204,1332.91,25405, 276291, 51.43,3.64
PRINCEPIPE, EQ, 27-Apr-2020,94.05,95.25,95.7,92.5, 95.00,94.3,94.01,176725,166.14,4746, 130257, 73.71,0.27
PRINCEPIPE, EQ, 27-Apr-2021,489.85,494.0,503.9,487.3,487.65,489.4,493.53,217330,1072.58,10375, 116426, 53.57,-0.09
PRINCEPIPE, EQ, 27-Apr-2022,668.2,666.0,667.9,651.7,660.0,657.15,658.09,117016,770.07,10477, 58344, 49.86,-1.65
PRINCEPIPE, EQ, 27-Apr-2023,601.35,601.1,602.95,595.25, 597.00,597.6,597.35,41653,248.81,3359, 17925, 43.03,-0.62
PRINCEPIPE, EQ, 27-May-2020,79.75,80.65,80.65,76.95,76.95,77.1,77.65,151448,117.6,2219, 113086, 74.67,-3.32
PRINCEPIPE, EQ, 27-May-2021,731.8,736.9,737.65,720.05, 724.40,725.25,727.8,291248,2119.69,15168, 152414, 52.33,-0.9
PRINCEPIPE, EQ, 27-May-2022,625.05,629.0,638.5,629.0, 636.85,633.8,634.51,51933,329.52,6495, 22175, 42.70,1.4
PRINCEPIPE, EQ, 27-May-2024,630.65,626.4,633.5,620.0,620.0,624.05,625.46,87835,549.37,6844, 40688, 46.32,-1.05
PRINCEPIPE, EQ, 27-Jun-2022,575.4,582.1,585.3,578.6,583.0,581.9,581.79,40361,234.82,3397, 19103, 47.33,1.13
PRINCEPIPE, EQ, 27-Jun-2023,642.7,644.0,668.65,643.95, 664.00,665.0,658.06,304619,2004.58,12395, 179392, 58.89,3.47
PRINCEPIPE, EQ, 27-Jun-2024,692.6,697.3,710.0,687.8,689.9,692.6,695.48,235385,1637.06,14707, 100232, 42.58,0.0
PRINCEPIPE, EQ, 27-Jul-2020,106.75,106.75,109.65,106.7,107.55,107.6,108.02,89722,96.92,1632, 61434, 68.47,0.8
PRINCEPIPE, EQ, 27-Jul-2021,675.5,678.0,682.9,660.05, 665.00,664.7,667.79,406916,2717.35,28519, 242387, 59.57,-1.6
PRINCEPIPE, EQ, 27-Jul-2022,589.7,589.7,594.0,585.5,591.5,590.25,590.29,144080,850.49,6700, 113182, 78.55,0.09
PRINCEPIPE, EQ, 27-Jul-2023,639.25,643.1,645.5,638.65, 644.95,643.35,642.19,412997,2652.23,6265, 366778, 88.81,0.64
PRINCEPIPE, EQ, 27-Aug-2020,184.85,188.0,202.0,186.5,192.1,191.3,195.44,1561457,3051.64,22515, 551950, 35.35,3.49
PRINCEPIPE, EQ, 27-Aug-2021,603.5,604.1,678.8,602.45, 659.00,663.55,653.05,1891273,12350.93,65040, 374449, 19.80,9.95
PRINCEPIPE, EQ, 27-Aug-2024,588.6,592.95,597.7,588.0,592.2,594.1,593.53,89393,530.58,6065, 42208, 47.22,0.93
PRINCEPIPE, EQ, 27-Sep-2021,698.6,695.0,706.8,690.05, 698.50,697.65,698.62,311697,2177.58,11271, 220615, 70.78,-0.14
PRINCEPIPE, EQ, 27-Sep-2022,577.6,580.0,585.0,575.0,576.0,579.95,578.55,85778,496.27,6205, 24994, 29.14,0.41
PRINCEPIPE, EQ, 27-Sep-2023,706.55,712.0,715.65,698.1, 700.00,701.4,704.56,81852,576.7,6272, 37645, 45.99,-0.73
PRINCEPIPE, EQ, 27-Sep-2024,568.1,568.0,570.9,556.15,559.55,559.85,561.7,339432,1906.58,15665, 219375, 64.63,-1.45
PRINCEPIPE, EQ, 27-Oct-2020,226.95,228.4,229.35,225.2, 226.40,226.15,226.8,56604,128.38,1643, 32498, 57.41,-0.35
PRINCEPIPE, EQ, 27-Oct-2021,713.85,720.5,743.2,713.9, 729.70,721.15,728.72,257986,1879.99,12816, 104754, 40.60,1.02
PRINCEPIPE, EQ, 27-Oct-2022,552.1,552.1,556.9,523.7,529.95,527.6,536.8,323411,1736.06,28149, 205477, 63.53,-4.44
PRINCEPIPE, EQ, 27-Oct-2023,636.75,636.2,645.2,633.45,638.9,636.55,639.63,68781,439.94,6250, 30784, 44.76,-0.03
PRINCEPIPE, EQ, 27-Nov-2020,260.3,262.95,267.9,257.5,259.0,259.35,262.89,154164,405.28,10229, 106232, 68.91,-0.36
PRINCEPIPE, EQ, 27-Nov-2024,424.4,427.85,429.85,421.0,428.75,428.4,426.99,153653,656.09,11929, 75552, 49.17,0.94
PRINCEPIPE, EQ, 27-Dec-2021,695.7,695.7,703.3,688.65, 698.95,698.5,697.49,92228,643.28,8251, 48734, 52.84,0.4
PRINCEPIPE, EQ, 27-Dec-2022,568.95,579.0,586.7,564.0,572.0,569.25,579.3,254644,1475.16,10279, 151723, 59.58,0.05
PRINCEPIPE, EQ, 27-Dec-2023,738.5,745.7,746.95,728.3, 730.00,731.95,737.84,131939,973.49,11213, 53760, 40.75,-0.89
PRINCEPIPE, EQ, 27-Dec-2024,397.25,398.45,423.1,394.4,421.2,420.45,404.75,665032,2691.75,22585, 394321, 59.29,5.84
PRINCEPIPE, EQ, 28-Jan-2020,174.3,176.0,182.0,174.75, 179.85,178.25,178.88,1383816,2475.43,19073, 648692, 46.88,2.27
PRINCEPIPE, EQ, 28-Jan-2021,295.2,290.5,296.95,290.5, 295.00,293.7,293.58,67596,198.45,1745, 33289, 49.25,-0.51
PRINCEPIPE, EQ, 28-Jan-2022,673.0,677.0,694.9,676.55, 685.00,685.4,689.88,226852,1565.02,8001, 177405, 78.20,1.84
PRINCEPIPE, EQ, 28-Jan-2025,372.95,374.9,374.9,352.0,360.0,358.15,358.14,256499,918.63,28151, 109767, 42.79,-3.97
PRINCEPIPE, EQ, 28-Feb-2020,174.6,170.0,171.4,162.65, 164.00,163.65,166.61,308618,514.18,6435, 163355, 52.93,-6.27
PRINCEPIPE, EQ, 28-Feb-2022,644.25,638.0,659.15,617.55, 650.00,643.6,636.46,245468,1562.31,18110, 124787, 50.84,-0.1
PRINCEPIPE, EQ, 28-Feb-2023,550.35,553.2,571.3,545.0, 552.25,552.45,560.14,116106,650.36,9454, 33598, 28.94,0.38
PRINCEPIPE, EQ, 28-Feb-2024,591.4,596.0,596.0,580.0,581.0,581.45,588.23,199433,1173.13,12319, 141410, 70.91,-1.68
PRINCEPIPE, EQ, 28-Feb-2025,274.55,272.0,293.75,268.7,282.0,286.7,282.02,618542,1744.4,38145, 211909, 34.26,4.43
PRINCEPIPE, EQ, 28-Mar-2022,647.1,647.2,649.7,623.1, 627.50,626.55,634.29,196268,1244.91,15084, 108678, 55.37,-3.18
PRINCEPIPE, EQ, 28-Mar-2023,550.2,550.2,551.95,535.3, 536.00,537.05,541.14,59140,320.03,6403, 28916, 48.89,-2.39
PRINCEPIPE, EQ, 28-Mar-2024,556.7,557.95,566.4,544.65,547.5,549.25,554.71,202066,1120.87,13595, 115433, 57.13,-1.34
PRINCEPIPE, EQ, 28-Mar-2025,253.45,253.45,257.85,243.0,243.0,245.25,249.48,267622,667.67,13514, 141630, 52.92,-3.24
PRINCEPIPE, EQ, 28-Apr-2020,94.3,94.8,97.5,93.05, 94.05,94.15,94.17,118892,111.97,2819, 82757, 69.61,-0.16
PRINCEPIPE, EQ, 28-Apr-2021,489.4,494.2,505.1,491.0, 492.00,494.0,498.2,249150,1241.27,11267, 117707, 47.24,0.94
PRINCEPIPE, EQ, 28-Apr-2022,657.15,660.0,673.45,653.5, 669.80,668.75,662.89,119372,791.31,11988, 48738, 40.83,1.77
PRINCEPIPE, EQ, 28-Apr-2023,597.6,603.55,603.55,584.75, 590.00,591.55,590.78,96126,567.89,6429, 42778, 44.50,-1.01
PRINCEPIPE, EQ, 28-May-2020,77.1,78.15,78.5,77.1,77.5,77.4,77.75,108466,84.33,1529, 65127, 60.04,0.39
PRINCEPIPE, EQ, 28-May-2021,725.25,723.05,756.0,723.05,730.0,729.9,737.59,587368,4332.35,23443, 288206, 49.07,0.64
PRINCEPIPE, EQ, 28-May-2024,624.05,623.9,625.0,612.05,614.0,614.3,616.0,70897,436.73,5647, 36409, 51.35,-1.56
PRINCEPIPE, EQ, 28-Jun-2021,695.05,697.0,706.85,695.05, 698.00,697.75,699.29,318931,2230.24,16633, 146550, 45.95,0.39
PRINCEPIPE, EQ, 28-Jun-2022,581.9,583.0,620.0,580.0, 615.20,614.3,604.12,243796,1472.82,18052, 61257, 25.13,5.57
PRINCEPIPE, EQ, 28-Jun-2024,692.6,690.0,692.55,672.0,680.0,674.3,680.16,136405,927.78,10101, 70583, 51.75,-2.64
PRINCEPIPE, EQ, 28-Jul-2020,107.6,106.2,108.55,105.0,105.6,106.35,107.02,99149,106.11,1930, 45876, 46.27,-1.16
PRINCEPIPE, EQ, 28-Jul-2021,664.7,650.0,679.85,642.6,676.0,673.25,655.34,815508,5344.36,37854, 486208, 59.62,1.29
PRINCEPIPE, EQ, 28-Jul-2022,590.25,600.0,600.0,592.95, 599.50,597.3,597.05,65570,391.49,4835, 36243, 55.27,1.19
PRINCEPIPE, EQ, 28-Jul-2023,643.35,644.95,661.95,643.05, 660.00,660.15,655.48,240896,1579.02,12494, 132628, 55.06,2.61
PRINCEPIPE, EQ, 28-Aug-2020,191.3,195.45,201.0,189.8, 196.30,196.9,196.52,917029,1802.16,11787, 469316, 51.18,2.93
PRINCEPIPE, EQ, 28-Aug-2023,695.85,697.0,700.05,691.15, 692.00,693.6,696.27,106417,740.95,7145, 53337, 50.12,-0.32
PRINCEPIPE, EQ, 28-Aug-2024,594.1,594.25,597.0,590.2,593.75,592.55,593.52,60659,360.02,5030, 37050, 61.08,-0.26
PRINCEPIPE, EQ, 28-Sep-2020,244.75,246.95,252.0,239.1,240.7,241.05,245.47,825734,2026.95,16494,278321,33.71,-1.51
PRINCEPIPE, EQ, 28-Sep-2021,697.65,702.65,711.0,693.0, 696.95,696.75,701.5,341358,2394.61,19458, 152321, 44.62,-0.13
PRINCEPIPE, EQ, 28-Sep-2022,579.95,578.6,591.95,574.65,585.0,582.35,586.22,94845,556.0,8236, 40142, 42.32,0.41
PRINCEPIPE, EQ, 28-Sep-2023,701.4,705.1,709.0,691.15, 691.15,696.9,700.01,64416,450.92,6076, 32617, 50.63,-0.64
PRINCEPIPE, EQ, 28-Oct-2020,226.15,227.45,235.0,226.95, 231.05,230.45,231.64,139777,323.79,3087, 77625, 55.53,1.9
PRINCEPIPE, EQ, 28-Oct-2021,721.15,722.0,724.25,701.05, 710.00,708.0,710.91,187177,1330.65,14663, 92737, 49.55,-1.82
PRINCEPIPE, EQ, 28-Oct-2022,527.6,527.6,527.6,513.15,517.35,517.0,519.37,198867,1032.86,17984, 100042, 50.31,-2.01
PRINCEPIPE, EQ, 28-Oct-2024,501.35,505.95,505.95,482.35,486.8,486.25,488.95,269505,1317.73,21185, 132267, 49.08,-3.01
PRINCEPIPE, EQ, 28-Nov-2022,548.8,550.85,562.0,547.1, 559.95,557.8,554.46,87258,483.81,6138, 41416, 47.46,1.64
PRINCEPIPE, EQ, 28-Nov-2023,675.1,680.75,696.0,675.1, 692.90,691.8,686.41,172467,1183.83,14010, 89415, 51.84,2.47
PRINCEPIPE, EQ, 28-Nov-2024,428.4,430.8,435.9,426.8,428.2,427.9,430.15,145262,624.85,11567, 70450, 48.50,-0.12
PRINCEPIPE, EQ, 28-Dec-2020,271.7,273.85,285.0,273.4,280.0,276.75,278.0,198768,552.57,4548, 118179, 59.46,1.86
PRINCEPIPE, EQ, 28-Dec-2021,698.5,709.0,709.0,698.0,701.5,700.2,700.93,119600,838.31,9260, 72240, 60.40,0.24
PRINCEPIPE, EQ, 28-Dec-2022,569.25,574.95,584.5,567.1, 584.40,581.6,577.92,129861,750.49,7109, 63314, 48.76,2.17
PRINCEPIPE, EQ, 28-Dec-2023,731.95,731.95,744.0,728.65, 739.00,739.5,738.75,132970,982.32,10446, 67614, 50.85,1.03
PRINCEPIPE, EQ, 29-Jan-2020,178.25,180.7,183.6,176.5, 177.85,177.85,181.05,626766,1134.76,12153, 290643, 46.37,-0.22
PRINCEPIPE, EQ, 29-Jan-2021,293.7,297.9,304.7,293.5, 296.95,294.95,299.51,121896,365.09,3874, 45611, 37.42,0.43
PRINCEPIPE, EQ, 29-Jan-2024,689.2,691.0,711.35,686.05, 710.00,705.75,701.19,132095,926.24,12279, 64782, 49.04,2.4
PRINCEPIPE, EQ, 29-Jan-2025,358.15,358.0,369.85,357.8,362.2,362.4,363.21,120151,436.4,16496, 42801, 35.62,1.19
PRINCEPIPE, EQ, 29-Feb-2024,581.45,578.6,584.4,572.0, 576.00,573.45,575.68,128012,736.95,10511, 78562, 61.37,-1.38
PRINCEPIPE, EQ, 29-Mar-2022,626.55,628.7,635.95,621.0, 624.55,623.65,629.48,146784,923.97,8780, 78187, 53.27,-0.46
PRINCEPIPE, EQ, 29-Mar-2023,537.05,537.05,542.4,533.05, 541.00,540.35,537.42,76687,412.13,7372, 39364, 51.33,0.61
PRINCEPIPE, EQ, 29-Apr-2020,94.15,95.05,96.0,93.4,93.5,93.5,93.97,129051,121.26,2091, 94645, 73.34,-0.69
PRINCEPIPE, EQ, 29-Apr-2021,494.0,498.0,503.9,490.2, 496.50,493.35,495.95,195344,968.81,9923, 97808, 50.07,-0.13
PRINCEPIPE, EQ, 29-Apr-2022,668.75,674.7,674.7,660.0,664.25,664.45,667.12,89785,598.97,6965, 44439, 49.49,-0.64
PRINCEPIPE, EQ, 29-Apr-2024,634.7,639.75,651.0,635.25, 638.00,642.7,645.72,177362,1145.26,16664, 84440, 47.61,1.26
PRINCEPIPE, EQ, 29-May-2020,77.4,78.5,79.45,77.25, 79.00,78.0,77.61,271692,210.87,2468, 186338, 68.58,0.78
PRINCEPIPE, EQ, 29-May-2023,610.3,612.5,663.4,612.5, 641.80,637.3,647.94,3253882,21083.1,77560, 456685, 14.04,4.42
PRINCEPIPE, EQ, 29-May-2024,614.3,611.3,625.0,607.55,615.5,614.1,616.97,106839,659.17,6776, 31773, 29.74,-0.03
PRINCEPIPE, EQ, 29-Jun-2020,115.7,116.8,116.8,110.5, 113.45,113.3,113.34,278403,315.54,3777, 162213, 58.27,-2.07
PRINCEPIPE, EQ, 29-Jun-2021,697.75,698.0,719.0,698.0, 702.50,703.1,708.09,542384,3840.56,23635, 201131, 37.08,0.77
PRINCEPIPE, EQ, 29-Jun-2022,614.3,614.3,614.95,601.3, 602.05,602.95,605.4,81450,493.1,5876, 36832, 45.22,-1.85
PRINCEPIPE, EQ, 28-Jun-2023,665.0,669.0,671.0,659.55, 663.45,661.4,662.69,355721,2357.33,9398, 270423, 76.02,-0.54
PRINCEPIPE, EQ, 29-Jul-2020,106.35,106.35,111.2,105.1, 110.55,110.05,109.82,771743,847.51,3956, 668440, 86.61,3.48
PRINCEPIPE, EQ, 29-Jul-2021,673.25,678.0,696.2,678.0,685.0,684.2,686.63,406799,2793.22,17358, 151113, 37.15,1.63
PRINCEPIPE, EQ, 29-Jul-2022,597.3,603.75,608.0,596.0,605.1,604.6,603.02,134596,811.64,10323, 61896, 45.99,1.22
PRINCEPIPE, EQ, 29-Jul-2024,671.9,675.95,679.9,667.2,671.0,669.55,673.43,84257,567.41,6355, 46843, 55.60,-0.35
PRINCEPIPE, EQ, 29-Aug-2022,580.6,563.0,587.0,560.0, 586.80,584.1,578.51,100233,579.86,8429, 43004, 42.90,0.6
PRINCEPIPE, EQ, 29-Aug-2023,693.6,693.6,696.25,686.3, 691.00,690.35,690.98,89243,616.66,6462, 40343, 45.21,-0.47
PRINCEPIPE, EQ, 29-Aug-2024,592.55,592.0,596.0,584.1,590.3,589.7,588.33,66380,390.53,5452, 35588, 53.61,-0.48
PRINCEPIPE, EQ, 29-Sep-2020,241.05,241.8,252.0,232.5,246.8,247.0,245.9,655011,1610.64,9864, 255774, 39.05,2.47
PRINCEPIPE, EQ, 29-Sep-2021,696.75,696.0,704.15,688.25, 690.10,691.1,695.0,156286,1086.19,8214, 65446, 41.88,-0.81
PRINCEPIPE, EQ, 29-Sep-2022,582.35,585.8,588.95,576.0,584.0,578.2,582.1,47310,275.39,5265, 20633, 43.61,-0.71
PRINCEPIPE, EQ, 29-Sep-2023,696.9,700.6,709.45,695.0, 699.80,698.75,701.81,85215,598.05,7544, 34922, 40.98,0.27
PRINCEPIPE, EQ, 29-Oct-2020,230.45,230.0,233.0,227.05,228.6,229.15,230.26,69732,160.56,2140, 35533, 50.96,-0.56
PRINCEPIPE, EQ, 29-Oct-2021,708.0,702.0,736.55,697.0, 730.00,729.2,725.66,361973,2626.71,21387, 134908, 37.27,2.99
PRINCEPIPE, EQ, 29-Oct-2024,486.25,488.6,489.95,479.8,483.3,481.7,482.72,120290,580.66,11135, 62355, 51.84,-0.94
PRINCEPIPE, EQ, 29-Nov-2021,771.4,750.0,756.0,709.95, 724.50,721.55,733.29,436248,3198.98,35711, 226164, 51.84,-6.46
PRINCEPIPE, EQ, 29-Nov-2022,557.8,556.25,565.0,555.85,557.1,556.7,560.54,47832,268.12,4189, 26059, 54.48,-0.2
PRINCEPIPE, EQ, 29-Nov-2023,691.8,697.4,697.4,678.0, 685.75,686.05,685.38,223376,1530.98,13269, 147412, 65.99,-0.83
PRINCEPIPE, EQ, 29-Nov-2024,427.9,428.2,430.95,426.4,427.65,427.5,428.21,230334,986.31,13257, 133286, 57.87,-0.09
PRINCEPIPE, EQ, 29-Dec-2020,276.75,281.0,283.0,273.0,280.5,282.15,279.85,372322,1041.94,7448, 255291, 68.57,1.95
PRINCEPIPE, EQ, 29-Dec-2021,700.2,701.0,702.65,695.15, 698.00,697.75,698.56,95408,666.48,8634, 60674, 63.59,-0.35
PRINCEPIPE, EQ, 29-Dec-2022,581.6,576.3,600.0,574.6, 592.00,595.35,587.09,120561,707.8,8343, 41342, 34.29,2.36
PRINCEPIPE, EQ, 29-Dec-2023,739.5,738.3,751.3,732.25, 743.00,742.75,744.67,169706,1263.74,13233, 78227, 46.10,0.44
PRINCEPIPE, EQ, 30-Jan-2020,177.85,179.1,179.4,172.5, 173.85,174.25,175.64,216496,380.26,4027, 98916, 45.69,-2.02
PRINCEPIPE, EQ, 30-Jan-2023,603.7,605.0,615.0,600.05, 606.95,604.8,606.27,87228,528.83,7610, 38035, 43.60,0.18
PRINCEPIPE, EQ, 30-Jan-2024,705.75,715.0,716.25,692.35, 695.05,698.85,706.57,100499,710.09,7683, 47368, 47.13,-0.98
PRINCEPIPE, EQ, 30-Jan-2025,362.4,367.85,368.4,357.05,358.0,358.0,361.29,85494,308.88,9220, 42061, 49.20,-1.21
PRINCEPIPE, EQ, 30-Mar-2020,99.1,96.0,98.65,93.5, 94.60,94.7,95.7,105524,100.98,1518, 80753, 76.53,-4.44
PRINCEPIPE, EQ, 30-Mar-2021,410.7,411.65,424.9,409.0,417.0,417.65,417.38,357717,1493.05,13195, 170461, 47.65,1.69
PRINCEPIPE, EQ, 30-Mar-2022,623.65,635.0,636.05,624.0, 632.70,631.7,631.4,215054,1357.85,14227, 116260, 54.06,1.29
PRINCEPIPE, EQ, 30-Apr-2020,93.5,94.9,95.5,93.0,94.0,93.75,94.62,288226,272.71,2901, 232057, 80.51,0.27
PRINCEPIPE, EQ, 30-Apr-2021,493.35,492.05,542.0,492.05,530.9,528.45,524.64,1089885,5717.95,39687, 352033, 32.30,7.11
PRINCEPIPE, EQ, 30-Apr-2024,642.7,644.9,648.0,635.1, 639.10,639.15,642.57,125830,808.54,11962, 53370, 42.41,-0.55
PRINCEPIPE, EQ, 30-May-2022,633.8,643.25,651.6,638.5, 647.00,648.75,646.65,98210,635.07,6933, 47770, 48.64,2.36
PRINCEPIPE, EQ, 30-May-2023,637.3,641.0,652.0,630.0, 633.00,632.95,642.34,575938,3699.47,20353, 112630, 19.56,-0.68
PRINCEPIPE, EQ, 30-May-2024,614.1,615.0,627.4,608.0,612.0,610.45,615.36,94559,581.88,7075, 39781, 42.07,-0.59
PRINCEPIPE, EQ, 30-Jun-2020,113.3,116.5,116.5,107.65, 109.75,108.85,110.12,278566,306.76,4094, 159550, 57.28,-3.93
PRINCEPIPE, EQ, 30-Jun-2021,703.1,709.9,732.0,706.65, 720.00,718.4,720.25,596631,4297.24,26744, 212718, 35.65,2.18
PRINCEPIPE, EQ, 30-Jun-2022,602.95,603.8,609.15,592.8,603.0,598.15,599.04,46383,277.85,4334, 20330, 43.83,-0.8
PRINCEPIPE, EQ, 30-Jun-2023,661.4,664.9,678.3,662.15, 670.10,671.25,671.33,595811,3999.85,18687, 438512, 73.60,1.49
PRINCEPIPE, EQ, 30-Jul-2020,110.05,110.55,114.9,110.55, 112.70,113.1,113.02,347081,392.26,4629, 215459, 62.08,2.77
PRINCEPIPE, EQ, 30-Jul-2021,684.2,690.0,693.25,675.35, 686.00,684.75,684.0,219891,1504.05,12603, 98701, 44.89,0.08
PRINCEPIPE, EQ, 30-Jul-2024,669.55,666.5,676.2,664.95,671.45,670.05,672.21,71020,477.4,7746, 28894, 40.68,0.07
PRINCEPIPE, EQ, 30-Aug-2021,663.55,667.0,675.0,643.05, 663.80,661.95,659.35,824378,5435.52,32864, 207160, 25.13,-0.24
PRINCEPIPE, EQ, 30-Aug-2022,584.1,588.0,594.9,584.6, 587.00,587.25,589.1,176512,1039.83,11422, 82459, 46.72,0.54
PRINCEPIPE, EQ, 30-Aug-2023,690.35,693.95,714.0,692.2, 712.50,711.65,705.03,501692,3537.05,14924, 334138, 66.60,3.09
PRINCEPIPE, EQ, 30-Aug-2024,589.7,595.0,595.0,585.0,590.0,587.05,588.84,61746,363.58,6114, 37896, 61.37,-0.45
PRINCEPIPE, EQ, 30-Sep-2020,247.0,249.0,255.0,246.25,249.75,249.7,251.12,410852,1031.74,8394, 195509, 47.59,1.09
PRINCEPIPE, EQ, 30-Sep-2021,691.1,699.0,703.0,690.0, 693.00,692.0,697.37,176332,1229.69,9329, 86518, 49.07,0.13
PRINCEPIPE, EQ, 30-Sep-2022,578.2,575.0,583.5,575.0, 581.00,578.2,579.17,51853,300.32,5660, 24452, 47.16,0.0
PRINCEPIPE, EQ, 30-Sep-2024,559.85,563.65,566.85,558.5,560.0,559.95,561.22,105677,593.08,7536, 58195, 55.07,0.02
PRINCEPIPE, EQ, 30-Oct-2020,229.15,229.0,234.65,228.0, 231.00,230.2,231.09,77689,179.53,1675, 48724, 62.72,0.46
PRINCEPIPE, EQ, 30-Oct-2023,636.55,636.55,642.1,630.55, 634.75,633.7,634.06,43328,274.73,5108, 19758, 45.60,-0.45
PRINCEPIPE, EQ, 30-Oct-2024,481.7,484.95,486.55,482.8,485.9,485.7,485.79,125781,611.03,7635, 79561, 63.25,0.83
PRINCEPIPE, EQ, 30-Nov-2021,721.55,725.0,775.0,718.35,729.75,728.5,742.38,820536,6091.49,37179, 579369, 70.61,0.96
PRINCEPIPE, EQ, 30-Nov-2022,556.7,558.7,562.65,551.7,559.95,555.45,557.27,44390,247.37,4317, 23908, 53.86,-0.22
PRINCEPIPE, EQ, 30-Nov-2023,686.05,688.0,693.95,680.35, 684.05,689.1,689.62,354922,2447.6,15759, 258709, 72.89,0.44
PRINCEPIPE, EQ, 30-Dec-2020,282.15,284.4,299.9,278.1,299.75,298.9,289.48,1679751,4862.58,20323, 1088224, 64.78,5.94
PRINCEPIPE, EQ, 30-Dec-2021,697.75,698.0,724.8,695.2, 703.50,702.4,705.71,156447,1104.06,10479, 71325, 45.59,0.67
PRINCEPIPE, EQ, 30-Dec-2022,595.35,596.2,604.0,584.2,598.05,596.25,595.16,119485,711.13,7093, 34586, 28.95,0.15
PRINCEPIPE, EQ, 30-Dec-2024,420.45,421.0,435.0,419.1,426.0,426.45,425.38,272365,1158.59,16768, 88048, 32.33,1.43
PRINCEPIPE, EQ, 31-Jan-2020,174.25,175.0,178.7,171.65, 178.00,175.95,174.42,258299,450.51,4374, 128722, 49.83,0.98
PRINCEPIPE, EQ, 31-Jan-2022,685.4,707.0,707.0,673.7,679.2,678.55,683.41,177208,1211.05,12270, 97458, 55.00,-1.0
PRINCEPIPE, EQ, 31-Jan-2023,604.8,607.75,627.0,599.8,619.45,622.7,618.7,165820,1025.93,9826, 94011, 56.69,2.96
PRINCEPIPE, EQ, 31-Jan-2024,698.85,697.4,712.0,694.85, 711.60,710.6,706.17,108203,764.09,9371, 66809, 61.74,1.68
PRINCEPIPE, EQ, 31-Jan-2025,358.0,359.9,373.6,355.8,371.0,370.6,365.99,132439,484.72,13420, 53094, 40.09,3.52
PRINCEPIPE, EQ, 31-Mar-2020,94.7,97.8,104.15,93.1,104.15,102.65,98.34,644861,634.13,2318, 596611, 92.52,8.39
PRINCEPIPE, EQ, 31-Mar-2021,417.65,424.0,424.0,416.0, 416.00,417.45,419.02,112400,470.98,5424, 44924, 39.97,-0.05
PRINCEPIPE, EQ, 31-Mar-2022,631.7,636.0,646.85,631.2, 634.00,634.25,638.85,236959,1513.81,14176, 123590, 52.16,0.4
PRINCEPIPE, EQ, 31-Mar-2023,540.35,541.95,551.0,541.0, 544.00,542.5,546.39,59245,323.71,5383, 30872, 52.11,0.4
PRINCEPIPE, EQ, 31-May-2021,729.9,734.8,737.35,720.5, 729.00,725.05,728.81,270681,1972.76,15312, 150972, 55.77,-0.66
PRINCEPIPE, EQ, 31-May-2022,648.75,645.0,649.0,624.5, 626.00,629.55,633.46,260821,1652.19,14802, 169946, 65.16,-2.96
PRINCEPIPE, EQ, 31-May-2023,632.95,635.0,642.6,617.55, 637.00,630.55,626.12,285519,1787.69,10968, 110500, 38.70,-0.38
PRINCEPIPE, EQ, 31-May-2024,610.45,610.4,613.0,601.0,609.1,610.05,609.03,46976,286.1,5384, 29014, 61.76,-0.07
PRINCEPIPE, EQ, 31-Jul-2020,113.1,113.1,114.0,109.0,113.0,112.75,112.01,140430,157.3,3833, 97043, 69.10,-0.31
PRINCEPIPE, EQ, 31-Jul-2023,660.15,667.75,669.75,651.2, 657.50,655.2,660.05,170939,1128.28,14037, 80662, 47.19,-0.75
PRINCEPIPE, EQ, 31-Jul-2024,670.05,670.05,679.8,670.05,673.9,673.55,674.34,75630,510.0,7238, 35642, 47.13,0.52
PRINCEPIPE, EQ, 31-Aug-2020,196.9,197.0,206.8,185.0, 189.60,191.0,197.67,1239605,2450.28,18967, 556204, 44.87,-3.0
PRINCEPIPE, EQ, 31-Aug-2021,661.95,669.9,672.8,655.05,663.5,661.8,663.2,407188,2700.47,15712, 133484, 32.78,-0.02
PRINCEPIPE, EQ, 31-Aug-2023,711.65,717.95,718.95,708.0, 716.90,716.45,714.66,207298,1481.48,10858, 126359, 60.96,0.67
PRINCEPIPE, EQ, 31-Oct-2022,517.0,519.0,531.5,517.85,529.75,528.2,523.71,262015,1372.2,13672, 134566, 51.36,2.17
PRINCEPIPE, EQ, 31-Oct-2023,633.7,637.0,655.0,625.2, 632.90,630.25,641.5,203408,1304.85,21599, 79651, 39.16,-0.54
PRINCEPIPE, EQ, 31-Oct-2024,485.7,486.0,496.35,470.35,473.5,473.1,479.02,500331,2396.71,24672, 311448, 62.25,-2.59
PRINCEPIPE, EQ, 31-Dec-2020,298.9,300.0,300.65,271.0,298.75,298.2,295.31,646583,1909.45,16012, 345761, 53.48,-0.23
PRINCEPIPE, EQ, 31-Dec-2021,702.4,703.05,707.95,699.0,700.0,700.1,700.9,157025,1100.59,14225, 99677, 63.48,-0.33
PRINCEPIPE, EQ, 31-Dec-2024,426.45,423.35,431.7,418.45,430.5,429.3,425.71,152638,649.8,10660, 55133, 36.12,0.67
