TradDt,Sgmt,ISIN,TckrSymb,FinInstrmNm,OpnPric,HghPric,LwPric,ClsPric,LastPric,PrvsClsgPric,TtlTradgVol,TtlTrfVal,TtlNbOfTxsExctd
2024-01-01,CM,INE0PEQ01016,RBZJEWEL,RBZ JEWELLERS LIMITED,116.25,121.5,115.75,121.5,121.5,115.75,763361,90109380.4,1701
2024-01-02,CM,INE0PEQ01016,RBZJEWEL,RBZ JEWELLERS LIMITED,127.55,127.55,127.55,127.55,127.55,121.5,96488,12307044.4,541
2024-01-03,CM,INE0PEQ01016,RBZJEWEL,RBZ JEWELLERS LIMITED,133.9,133.9,133.9,133.9,133.9,127.55,99504,13323585.6,510
2024-01-04,CM,INE0PEQ01016,RBZJEWEL,RBZ JEWELLERS LIMITED,140.55,140.55,129.25,139.8,133.0,133.9,1044827,146350425.1,3260
2024-01-05,CM,INE0PEQ01016,RBZJEWEL,RBZ JEWELLERS LIMITED,132.85,146.75,132.85,146.75,146.75,139.8,1849714,260802844.4,13455
2024-01-08,CM,INE0PEQ01016,RBZJEWEL,RBZ JEWELLERS LIMITED,146.75,148.0,139.45,139.65,139.45,146.75,713601,101661650.05,7350
2024-01-09,CM,INE0PEQ01016,RBZJEWEL,RBZ JEWELLERS LIMITED,136.15,146.6,136.0,146.6,146.6,139.65,507782,72462398.3,3715
2024-01-10,CM,INE0PEQ01016,RBZJEWEL,RBZ JEWELLERS LIMITED,165.0,175.9,162.0,175.9,175.9,146.6,5185172,898257304.1,20901
2024-01-11,CM,INE0PEQ01016,RBZJEWEL,RBZ JEWELLERS LIMITED,190.35,211.05,188.0,211.05,211.05,175.9,2966009,603560390.3,23976
2024-01-12,CM,INE0PEQ01016,RBZJEWEL,RBZ JEWELLERS LIMITED,224.0,232.15,212.05,232.15,232.15,211.05,5145539,1149116350.3,49937
2024-01-15,CM,INE0PEQ01016,RBZJEWEL,RBZ JEWELLERS LIMITED,238.7,255.35,225.0,249.25,255.0,232.15,5386864,1327770722.75,47659
2024-01-16,CM,INE0PEQ01016,RBZJEWEL,RBZ JEWELLERS LIMITED,249.25,249.3,225.0,230.25,226.95,249.25,3475077,802617412.5,39395
2024-01-17,CM,INE0PEQ01016,RBZJEWEL,RBZ JEWELLERS LIMITED,225.0,230.0,214.7,219.5,220.0,230.25,1307603,288802668.2,20823
2024-01-18,CM,INE0PEQ01016,RBZJEWEL,RBZ JEWELLERS LIMITED,220.0,225.0,204.8,215.4,215.0,219.5,986454,212819287.9,15703
2024-01-19,CM,INE0PEQ01016,RBZJEWEL,RBZ JEWELLERS LIMITED,219.9,225.0,200.3,204.2,204.5,215.4,952993,201958897.65,15517
2024-01-23,CM,INE0PEQ01016,RBZJEWEL,RBZ JEWELLERS LIMITED,205.85,206.15,180.7,180.75,180.7,200.75,1320284,246262259.25,17185
2024-01-24,CM,INE0PEQ01016,RBZJEWEL,RBZ JEWELLERS LIMITED,180.7,189.75,175.4,189.75,189.75,180.75,354517,65578919.15,3047
2024-01-25,CM,INE0PEQ01016,RBZJEWEL,RBZ JEWELLERS LIMITED,199.2,199.2,199.2,199.2,199.2,189.75,201560,40150752.0,497
2024-01-29,CM,INE0PEQ01016,RBZJEWEL,RBZ JEWELLERS LIMITED,209.15,209.15,192.75,195.9,193.0,199.2,1367284,279189688.9,13041
2024-01-30,CM,INE0PEQ01016,RBZJEWEL,RBZ JEWELLERS LIMITED,196.05,198.4,187.05,188.4,190.0,195.9,583368,110784818.05,11764
2024-01-31,CM,INE0PEQ01016,RBZJEWEL,RBZ JEWELLERS LIMITED,188.15,197.8,188.15,195.35,192.7,188.4,649629,127500005.95,4296
2024-02-01,CM,INE0PEQ01016,RBZJEWEL,RBZ JEWELLERS LIMITED,192.7,195.7,187.0,190.6,190.1,195.35,413973,78818183.7,7724
2024-02-02,CM,INE0PEQ01016,RBZJEWEL,RBZ JEWELLERS LIMITED,192.7,195.95,187.65,188.6,189.95,190.6,255879,48766643.5,5607
2024-02-05,CM,INE0PEQ01016,RBZJEWEL,RBZ JEWELLERS LIMITED,198.0,198.0,182.15,189.35,189.2,188.6,729694,141794077.05,8254
2024-02-06,CM,INE0PEQ01016,RBZJEWEL,RBZ JEWELLERS LIMITED,185.55,189.0,179.9,180.5,179.9,189.35,428068,78253254.2,8227
2024-02-07,CM,INE0PEQ01016,RBZJEWEL,RBZ JEWELLERS LIMITED,179.1,187.5,175.3,181.45,182.0,180.5,371254,67190686.85,6281
2024-02-08,CM,INE0PEQ01016,RBZJEWEL,RBZ JEWELLERS LIMITED,182.3,187.0,180.0,182.1,182.95,181.45,155630,28453953.75,3575
2024-02-09,CM,INE0PEQ01016,RBZJEWEL,RBZ JEWELLERS LIMITED,183.2,184.8,173.0,174.3,174.45,182.1,286458,50398669.25,6824
2024-02-12,CM,INE0PEQ01016,RBZJEWEL,RBZ JEWELLERS LIMITED,174.95,174.95,165.6,166.2,166.1,174.3,245745,41032431.0,5108
2024-02-13,CM,INE0PEQ01016,RBZJEWEL,RBZ JEWELLERS LIMITED,162.85,170.0,157.9,160.15,160.25,166.2,228489,36694496.25,5045
2024-02-14,CM,INE0PEQ01016,RBZJEWEL,RBZ JEWELLERS LIMITED,160.0,168.15,156.95,168.15,168.15,160.15,114638,19083998.75,1925
2024-02-15,CM,INE0PEQ01016,RBZJEWEL,RBZ JEWELLERS LIMITED,170.5,176.55,170.5,176.55,176.55,168.15,298012,52331663.15,2633
2024-02-16,CM,INE0PEQ01016,RBZJEWEL,RBZ JEWELLERS LIMITED,179.0,185.35,177.0,179.95,179.95,176.55,407374,73922155.65,5964
2024-02-19,CM,INE0PEQ01016,RBZJEWEL,RBZ JEWELLERS LIMITED,185.0,186.4,177.25,178.5,178.0,179.95,158052,28503304.9,4061
2024-02-20,CM,INE0PEQ01016,RBZJEWEL,RBZ JEWELLERS LIMITED,178.0,179.45,169.6,170.35,170.6,178.5,302951,52106883.6,6440
2024-02-21,CM,INE0PEQ01016,RBZJEWEL,RBZ JEWELLERS LIMITED,171.25,174.75,167.75,171.1,169.0,170.35,133135,22830152.7,3908
2024-02-22,CM,INE0PEQ01016,RBZJEWEL,RBZ JEWELLERS LIMITED,172.0,172.0,165.85,168.3,168.0,171.1,109949,18449590.5,3048
2024-02-23,CM,INE0PEQ01016,RBZJEWEL,RBZ JEWELLERS LIMITED,170.7,171.0,162.55,164.35,164.6,168.3,174582,29002426.7,5964
2024-02-26,CM,INE0PEQ01016,RBZJEWEL,RBZ JEWELLERS LIMITED,165.0,172.55,162.55,172.55,172.55,164.35,196428,33601504.95,2740
2024-02-27,CM,INE0PEQ01016,RBZJEWEL,RBZ JEWELLERS LIMITED,175.0,175.0,166.35,168.1,169.0,172.55,132624,22527098.7,3206
2024-02-28,CM,INE0PEQ01016,RBZJEWEL,RBZ JEWELLERS LIMITED,169.3,171.0,160.0,160.8,162.0,168.1,173015,28347618.85,4823
2024-02-29,CM,INE0PEQ01016,RBZJEWEL,RBZ JEWELLERS LIMITED,162.9,165.0,160.0,163.1,164.0,160.8,79416,12920651.0,2390
2024-03-01,CM,INE0PEQ01016,RBZJEWEL,RBZ JEWELLERS LIMITED,163.45,168.0,163.0,163.85,164.85,163.1,82532,13662318.2,2016
2024-03-04,CM,INE0PEQ01016,RBZJEWEL,RBZ JEWELLERS LIMITED,167.2,167.2,160.0,162.05,162.0,165.2,69258,11285383.45,2006
2024-03-05,CM,INE0PEQ01016,RBZJEWEL,RBZ JEWELLERS LIMITED,160.0,163.7,156.15,159.45,160.0,162.05,109219,17339274.95,3794
2024-03-06,CM,INE0PEQ01016,RBZJEWEL,RBZ JEWELLERS LIMITED,158.5,160.0,153.2,154.2,154.35,159.45,126508,19655442.65,3402
2024-03-07,CM,INE0PEQ01016,RBZJEWEL,RBZ JEWELLERS LIMITED,161.9,161.9,155.0,161.9,161.9,154.2,91830,14695417.85,1866
2024-03-11,CM,INE0PEQ01016,RBZJEWEL,RBZ JEWELLERS LIMITED,161.0,161.0,155.2,155.85,156.1,161.9,90591,14263793.95,2092
2024-03-12,CM,INE0PEQ01016,RBZJEWEL,RBZ JEWELLERS LIMITED,159.9,159.9,148.05,151.8,152.0,155.85,165220,24917507.35,4702
2024-03-13,CM,INE0PEQ01016,RBZJEWEL,RBZ JEWELLERS LIMITED,145.7,151.4,144.25,144.25,144.25,151.8,124029,18026792.35,3306
2024-03-14,CM,INE0PEQ01016,RBZJEWEL,RBZ JEWELLERS LIMITED,138.25,151.45,137.05,151.4,151.45,144.25,197393,29070450.95,3050
2024-03-15,CM,INE0PEQ01016,RBZJEWEL,RBZ JEWELLERS LIMITED,156.4,156.4,146.0,147.9,150.0,151.4,71656,10679644.75,1601
2024-03-18,CM,INE0PEQ01016,RBZJEWEL,RBZ JEWELLERS LIMITED,148.0,154.8,147.9,152.7,152.0,147.9,78813,11934277.1,1608
2024-03-19,CM,INE0PEQ01016,RBZJEWEL,RBZ JEWELLERS LIMITED,153.7,158.0,149.0,152.15,152.5,152.7,96586,14800647.75,1844
2024-03-20,CM,INE0PEQ01016,RBZJEWEL,RBZ JEWELLERS LIMITED,152.95,153.5,149.0,149.2,149.25,152.15,42171,6320364.0,973
2024-03-21,CM,INE0PEQ01016,RBZJEWEL,RBZ JEWELLERS LIMITED,153.9,156.65,149.25,154.75,155.35,149.2,217015,33706561.4,2086
2024-03-22,CM,INE0PEQ01016,RBZJEWEL,RBZ JEWELLERS LIMITED,157.0,157.0,151.05,153.3,153.75,154.75,90003,13906818.85,1949
2024-03-26,CM,INE0PEQ01016,RBZJEWEL,RBZ JEWELLERS LIMITED,154.9,154.9,146.5,151.85,150.5,153.3,180903,27227676.0,2985
2024-03-27,CM,INE0PEQ01016,RBZJEWEL,RBZ JEWELLERS LIMITED,151.9,153.25,147.0,147.4,148.45,151.85,151334,22631885.85,2674
2024-03-28,CM,INE0PEQ01016,RBZJEWEL,RBZ JEWELLERS LIMITED,149.65,154.75,148.1,150.75,150.0,147.4,200971,30705235.7,2627
2024-04-01,CM,INE0PEQ01016,RBZJEWEL,RBZ JEWELLERS LIMITED,152.45,158.25,152.0,158.25,158.25,150.75,105277,16452643.55,1197
2024-04-02,CM,INE0PEQ01016,RBZJEWEL,RBZ JEWELLERS LIMITED,162.8,165.0,155.15,161.25,162.5,158.25,153352,24617433.15,2728
2024-04-03,CM,INE0PEQ01016,RBZJEWEL,RBZ JEWELLERS LIMITED,161.15,163.0,158.15,159.4,159.5,161.25,90236,14458031.5,1912
2024-04-04,CM,INE0PEQ01016,RBZJEWEL,RBZ JEWELLERS LIMITED,166.0,166.0,160.8,163.95,164.95,159.4,92661,15115260.0,1983
2024-04-05,CM,INE0PEQ01016,RBZJEWEL,RBZ JEWELLERS LIMITED,163.95,168.5,162.0,166.3,167.0,163.95,127091,21116975.6,2437
2024-04-08,CM,INE0PEQ01016,RBZJEWEL,RBZ JEWELLERS LIMITED,168.3,169.2,162.05,163.55,164.25,166.3,68609,11351159.4,1746
2024-04-09,CM,INE0PEQ01016,RBZJEWEL,RBZ JEWELLERS LIMITED,164.95,168.5,159.0,159.8,160.3,163.55,135844,22056993.75,3119
2024-04-10,CM,INE0PEQ01016,RBZJEWEL,RBZ JEWELLERS LIMITED,160.1,165.0,157.5,159.8,159.5,159.8,120893,19331949.85,4036
2024-04-12,CM,INE0PEQ01016,RBZJEWEL,RBZ JEWELLERS LIMITED,160.95,162.5,159.1,159.7,160.0,159.8,59550,9539511.4,1245
2024-04-15,CM,INE0PEQ01016,RBZJEWEL,RBZ JEWELLERS LIMITED,155.0,158.05,151.75,151.75,151.75,159.7,196135,29948321.65,3247
2024-04-16,CM,INE0PEQ01016,RBZJEWEL,RBZ JEWELLERS LIMITED,151.7,153.45,150.0,150.85,151.95,151.75,91794,13894189.65,2558
2024-04-18,CM,INE0PEQ01016,RBZJEWEL,RBZ JEWELLERS LIMITED,153.0,154.35,149.5,150.8,150.0,150.85,84414,12854495.75,1597
2024-04-19,CM,INE0PEQ01016,RBZJEWEL,RBZ JEWELLERS LIMITED,149.0,150.5,147.3,149.05,149.0,150.8,82241,12258869.7,1870
2024-04-22,CM,INE0PEQ01016,RBZJEWEL,RBZ JEWELLERS LIMITED,148.25,153.75,148.25,149.45,149.5,149.05,65238,9792754.3,1534
2024-04-23,CM,INE0PEQ01016,RBZJEWEL,RBZ JEWELLERS LIMITED,151.4,152.95,148.15,149.35,149.3,149.45,80897,12139593.45,1699
2024-04-24,CM,INE0PEQ01016,RBZJEWEL,RBZ JEWELLERS LIMITED,151.9,151.9,147.6,148.55,148.6,149.35,122436,18313922.75,2338
2024-04-25,CM,INE0PEQ01016,RBZJEWEL,RBZ JEWELLERS LIMITED,148.7,149.55,146.05,147.1,147.5,148.55,114199,16863978.95,2748
2024-04-26,CM,INE0PEQ01016,RBZJEWEL,RBZ JEWELLERS LIMITED,147.95,149.2,145.25,145.5,145.5,147.1,121937,17813979.0,3029
2024-04-29,CM,INE0PEQ01016,RBZJEWEL,RBZ JEWELLERS LIMITED,148.4,148.4,144.3,144.8,145.0,145.5,86460,12551243.35,1904
2024-04-30,CM,INE0PEQ01016,RBZJEWEL,RBZ JEWELLERS LIMITED,146.4,146.4,141.8,142.0,142.5,144.8,117718,16813525.65,2640
2024-05-02,CM,INE0PEQ01016,RBZJEWEL,RBZ JEWELLERS LIMITED,141.1,143.85,140.05,141.0,141.0,142.0,82566,11684763.2,2345
2024-05-03,CM,INE0PEQ01016,RBZJEWEL,RBZ JEWELLERS LIMITED,141.95,142.8,138.5,139.35,140.45,141.0,138732,19390194.9,2939
2024-05-06,CM,INE0PEQ01016,RBZJEWEL,RBZ JEWELLERS LIMITED,141.0,142.65,134.05,135.7,135.6,139.35,149726,20519885.45,3629
2024-05-07,CM,INE0PEQ01016,RBZJEWEL,RBZ JEWELLERS LIMITED,137.6,141.4,136.35,137.95,139.0,135.7,130161,18059930.05,2272
2024-05-08,CM,INE0PEQ01016,RBZJEWEL,RBZ JEWELLERS LIMITED,142.5,142.5,137.35,137.85,138.0,137.95,82140,11441185.7,1391
2024-05-09,CM,INE0PEQ01016,RBZJEWEL,RBZ JEWELLERS LIMITED,138.3,139.55,133.75,134.25,134.9,137.85,77430,10488802.4,2366
2024-05-10,CM,INE0PEQ01016,RBZJEWEL,RBZ JEWELLERS LIMITED,139.0,139.0,134.3,137.7,137.95,134.25,88810,12142203.85,1608
2024-05-13,CM,INE0PEQ01016,RBZJEWEL,RBZ JEWELLERS LIMITED,140.55,140.55,134.3,135.05,135.0,137.7,58434,7933827.5,1504
2024-05-14,CM,INE0PEQ01016,RBZJEWEL,RBZ JEWELLERS LIMITED,137.8,138.0,135.25,136.75,137.7,135.05,44596,6108066.1,992
2024-05-15,CM,INE0PEQ01016,RBZJEWEL,RBZ JEWELLERS LIMITED,129.95,135.0,129.95,129.95,129.95,136.75,345574,44979672.2,2450
2024-05-16,CM,INE0PEQ01016,RBZJEWEL,RBZ JEWELLERS LIMITED,127.0,129.5,123.45,123.5,123.45,129.95,352276,43631376.45,4177
2024-05-17,CM,INE0PEQ01016,RBZJEWEL,RBZ JEWELLERS LIMITED,123.05,129.65,121.2,129.65,129.65,123.5,342632,44150265.45,2804
2024-05-21,CM,INE0PEQ01016,RBZJEWEL,RBZ JEWELLERS LIMITED,135.25,135.25,130.05,131.2,131.0,136.1,99542,13143924.5,1635
2024-05-22,CM,INE0PEQ01016,RBZJEWEL,RBZ JEWELLERS LIMITED,131.15,133.5,128.5,130.3,130.9,131.2,85875,11259783.05,1588
2024-05-23,CM,INE0PEQ01016,RBZJEWEL,RBZ JEWELLERS LIMITED,130.5,133.9,129.5,130.7,131.0,130.3,43161,5644768.1,932
2024-05-24,CM,INE0PEQ01016,RBZJEWEL,RBZ JEWELLERS LIMITED,130.7,131.9,128.15,129.8,128.35,130.7,37968,4938302.65,1017
2024-05-27,CM,INE0PEQ01016,RBZJEWEL,RBZ JEWELLERS LIMITED,129.0,131.0,124.1,127.5,128.0,129.8,58769,7486054.35,1285
2024-05-28,CM,INE0PEQ01016,RBZJEWEL,RBZ JEWELLERS LIMITED,127.45,130.0,125.0,127.65,127.1,127.5,39424,5025720.85,714
2024-05-29,CM,INE0PEQ01016,RBZJEWEL,RBZ JEWELLERS LIMITED,127.25,131.0,124.7,128.7,129.9,127.65,61079,7873337.0,1125
2024-05-30,CM,INE0PEQ01016,RBZJEWEL,RBZ JEWELLERS LIMITED,129.9,131.25,125.15,129.3,129.0,128.7,54201,6953083.85,944
2024-05-31,CM,INE0PEQ01016,RBZJEWEL,RBZ JEWELLERS LIMITED,130.0,133.8,127.9,128.5,129.0,129.3,41614,5406822.35,636
2024-06-03,CM,INE0PEQ01016,RBZJEWEL,RBZ JEWELLERS LIMITED,128.5,132.0,125.0,126.1,126.1,128.5,73095,9396742.9,1241
2024-06-04,CM,INE0PEQ01016,RBZJEWEL,RBZ JEWELLERS LIMITED,126.1,132.0,119.8,124.35,121.0,126.1,164047,19970396.25,2577
2024-06-05,CM,INE0PEQ01016,RBZJEWEL,RBZ JEWELLERS LIMITED,122.05,125.0,118.15,123.1,123.4,124.35,70640,8593191.6,1036
2024-06-06,CM,INE0PEQ01016,RBZJEWEL,RBZ JEWELLERS LIMITED,122.4,129.2,122.0,129.1,129.2,123.1,95606,12052334.2,2200
2024-06-07,CM,INE0PEQ01016,RBZJEWEL,RBZ JEWELLERS LIMITED,130.2,132.2,127.0,130.4,130.9,129.1,66637,8653759.8,910
2024-06-10,CM,INE0PEQ01016,RBZJEWEL,RBZ JEWELLERS LIMITED,130.9,130.9,127.0,128.4,128.85,130.4,30729,3947978.91,640
2024-06-11,CM,INE0PEQ01016,RBZJEWEL,RBZ JEWELLERS LIMITED,128.0,131.0,127.0,130.01,129.99,128.4,50826,6572173.08,700
2024-06-12,CM,INE0PEQ01016,RBZJEWEL,RBZ JEWELLERS LIMITED,130.01,130.01,127.0,128.52,129.35,130.01,61230,7866878.28,873
2024-06-13,CM,INE0PEQ01016,RBZJEWEL,RBZ JEWELLERS LIMITED,128.1,130.0,128.0,128.98,129.5,128.52,37427,4828185.31,692
2024-06-14,CM,INE0PEQ01016,RBZJEWEL,RBZ JEWELLERS LIMITED,129.5,129.9,125.15,128.51,127.91,128.98,39200,5027394.33,707
2024-06-18,CM,INE0PEQ01016,RBZJEWEL,RBZ JEWELLERS LIMITED,129.0,130.0,125.5,128.79,129.0,128.51,63323,8065665.19,1118
2024-06-19,CM,INE0PEQ01016,RBZJEWEL,RBZ JEWELLERS LIMITED,128.99,129.71,127.05,128.24,128.5,128.79,30271,3879806.15,576
2024-06-20,CM,INE0PEQ01016,RBZJEWEL,RBZ JEWELLERS LIMITED,126.36,130.5,126.36,129.27,130.0,128.24,44135,5700828.01,588
2024-06-21,CM,INE0PEQ01016,RBZJEWEL,RBZ JEWELLERS LIMITED,130.9,135.73,130.0,135.73,135.73,129.27,102318,13834840.59,571
2024-06-24,CM,INE0PEQ01016,RBZJEWEL,RBZ JEWELLERS LIMITED,138.35,140.0,132.5,137.17,136.0,135.73,75041,10255883.11,1042
2024-06-25,CM,INE0PEQ01016,RBZJEWEL,RBZ JEWELLERS LIMITED,140.0,140.0,134.0,134.76,134.4,137.17,34575,4692562.88,662
2024-06-26,CM,INE0PEQ01016,RBZJEWEL,RBZ JEWELLERS LIMITED,137.0,138.8,132.0,135.73,137.49,134.76,41742,5643508.86,593
2024-06-27,CM,INE0PEQ01016,RBZJEWEL,RBZ JEWELLERS LIMITED,137.35,137.35,132.0,134.79,134.0,135.73,23256,3131094.66,492
2024-06-28,CM,INE0PEQ01016,RBZJEWEL,RBZ JEWELLERS LIMITED,135.0,136.45,130.0,132.38,132.8,134.79,36612,4888390.51,688
2024-07-01,CM,INE0PEQ01016,RBZJEWEL,RBZ JEWELLERS LIMITED,136.45,138.01,131.0,136.92,136.95,132.38,77839,10649721.27,912
2024-07-02,CM,INE0PEQ01016,RBZJEWEL,RBZ JEWELLERS LIMITED,137.5,137.9,132.8,133.94,133.75,136.92,36076,4886491.76,734
2024-07-03,CM,INE0PEQ01016,RBZJEWEL,RBZ JEWELLERS LIMITED,132.46,135.98,132.0,133.22,133.95,133.94,37933,5063033.72,710
2024-07-04,CM,INE0PEQ01016,RBZJEWEL,RBZ JEWELLERS LIMITED,133.25,136.0,131.85,133.86,133.6,133.22,57834,7734340.11,1144
2024-07-05,CM,INE0PEQ01016,RBZJEWEL,RBZ JEWELLERS LIMITED,133.6,135.5,131.5,134.03,134.2,133.86,38365,5140504.43,557
2024-07-08,CM,INE0PEQ01016,RBZJEWEL,RBZ JEWELLERS LIMITED,134.0,134.1,130.0,131.79,131.9,134.03,42950,5652733.93,739
2024-07-09,CM,INE0PEQ01016,RBZJEWEL,RBZ JEWELLERS LIMITED,131.79,133.5,130.0,131.93,131.8,131.79,34221,4510793.04,567
2024-07-10,CM,INE0PEQ01016,RBZJEWEL,RBZ JEWELLERS LIMITED,131.93,133.9,129.0,130.69,130.0,131.93,34727,4540655.28,706
2024-07-11,CM,INE0PEQ01016,RBZJEWEL,RBZ JEWELLERS LIMITED,132.9,133.79,130.65,132.27,131.6,130.69,38125,5043064.0,624
2024-07-12,CM,INE0PEQ01016,RBZJEWEL,RBZ JEWELLERS LIMITED,132.99,133.99,130.2,131.5,132.0,132.27,27748,3659364.38,552
2024-07-15,CM,INE0PEQ01016,RBZJEWEL,RBZ JEWELLERS LIMITED,131.5,133.45,130.1,131.21,131.6,131.5,54515,7200336.95,679
2024-07-16,CM,INE0PEQ01016,RBZJEWEL,RBZ JEWELLERS LIMITED,133.4,133.4,130.0,130.71,130.1,131.21,52679,6952587.83,717
2024-07-18,CM,INE0PEQ01016,RBZJEWEL,RBZ JEWELLERS LIMITED,130.7,132.0,129.4,130.22,129.4,130.71,43348,5672133.29,515
2024-07-19,CM,INE0PEQ01016,RBZJEWEL,RBZ JEWELLERS LIMITED,129.56,132.0,124.1,125.91,126.95,130.22,77662,9896612.55,1380
2024-07-22,CM,INE0PEQ01016,RBZJEWEL,RBZ JEWELLERS LIMITED,127.0,128.8,121.1,127.1,126.5,125.91,42370,5286479.45,833
2024-07-23,CM,INE0PEQ01016,RBZJEWEL,RBZ JEWELLERS LIMITED,127.0,133.45,123.0,133.45,133.45,127.1,105302,13676024.55,1098
2024-07-24,CM,INE0PEQ01016,RBZJEWEL,RBZ JEWELLERS LIMITED,136.15,140.12,136.15,140.12,140.12,133.45,152818,21363186.67,991
2024-07-25,CM,INE0PEQ01016,RBZJEWEL,RBZ JEWELLERS LIMITED,142.0,142.0,133.3,136.75,136.25,140.12,116533,16136929.15,1458
2024-07-26,CM,INE0PEQ01016,RBZJEWEL,RBZ JEWELLERS LIMITED,136.25,139.4,133.0,135.0,134.95,136.75,46665,6333861.66,762
2024-07-29,CM,INE0PEQ01016,RBZJEWEL,RBZ JEWELLERS LIMITED,130.15,136.0,130.15,133.9,134.49,135.0,47688,6391252.84,1008
2024-07-30,CM,INE0PEQ01016,RBZJEWEL,RBZ JEWELLERS LIMITED,133.9,134.95,131.3,134.2,134.85,133.9,35024,4667176.96,653
2024-07-31,CM,INE0PEQ01016,RBZJEWEL,RBZ JEWELLERS LIMITED,131.6,135.5,131.6,132.81,133.0,134.2,41067,5456292.7,685
2024-08-01,CM,INE0PEQ01016,RBZJEWEL,RBZ JEWELLERS LIMITED,133.0,134.85,130.7,131.1,131.5,132.81,30370,4008035.68,606
2024-08-02,CM,INE0PEQ01016,RBZJEWEL,RBZ JEWELLERS LIMITED,131.5,132.99,129.0,131.7,131.99,131.1,42684,5585537.71,615
2024-08-05,CM,INE0PEQ01016,RBZJEWEL,RBZ JEWELLERS LIMITED,131.0,131.0,125.2,128.04,128.0,131.7,53071,6793293.39,894
2024-08-06,CM,INE0PEQ01016,RBZJEWEL,RBZ JEWELLERS LIMITED,127.03,131.5,126.05,127.0,127.0,128.04,43998,5628143.86,781
2024-08-07,CM,INE0PEQ01016,RBZJEWEL,RBZ JEWELLERS LIMITED,128.0,133.35,126.0,133.35,133.35,127.0,65600,8630297.55,580
2024-08-08,CM,INE0PEQ01016,RBZJEWEL,RBZ JEWELLERS LIMITED,134.8,137.48,130.5,133.11,133.0,133.35,43086,5745858.65,559
2024-08-09,CM,INE0PEQ01016,RBZJEWEL,RBZ JEWELLERS LIMITED,134.0,135.49,131.0,132.21,132.32,133.11,32026,4284411.8,505
2024-08-12,CM,INE0PEQ01016,RBZJEWEL,RBZ JEWELLERS LIMITED,130.1,134.5,129.25,132.51,132.5,132.21,74587,9860710.9,833
2024-08-13,CM,INE0PEQ01016,RBZJEWEL,RBZ JEWELLERS LIMITED,133.99,139.13,130.0,139.13,139.13,132.51,187516,25833375.22,1124
2024-08-14,CM,INE0PEQ01016,RBZJEWEL,RBZ JEWELLERS LIMITED,140.0,146.08,139.0,146.04,146.0,139.13,549236,79723558.14,3974
2024-08-16,CM,INE0PEQ01016,RBZJEWEL,RBZ JEWELLERS LIMITED,153.34,153.34,153.34,153.34,153.34,146.04,179624,27543544.16,553
2024-08-19,CM,INE0PEQ01016,RBZJEWEL,RBZ JEWELLERS LIMITED,161.0,161.0,161.0,161.0,161.0,153.34,138101,22234261.0,536
2024-08-20,CM,INE0PEQ01016,RBZJEWEL,RBZ JEWELLERS LIMITED,161.0,161.0,157.78,157.78,157.78,161.0,241774,38739150.24,850
2024-08-21,CM,INE0PEQ01016,RBZJEWEL,RBZ JEWELLERS LIMITED,154.62,154.62,154.62,154.62,154.62,157.78,22769,3520542.78,288
2024-08-22,CM,INE0PEQ01016,RBZJEWEL,RBZ JEWELLERS LIMITED,151.52,151.52,151.52,151.52,151.52,154.62,11302,1712479.04,245
2024-08-23,CM,INE0PEQ01016,RBZJEWEL,RBZ JEWELLERS LIMITED,148.48,154.55,148.48,152.5,152.5,151.52,248724,37588679.17,1001
2024-08-26,CM,INE0PEQ01016,RBZJEWEL,RBZ JEWELLERS LIMITED,149.45,155.55,149.45,155.55,155.55,152.5,183163,28154610.75,764
2024-08-27,CM,INE0PEQ01016,RBZJEWEL,RBZ JEWELLERS LIMITED,157.86,158.66,157.86,158.5,158.5,155.55,191170,30294430.66,499
2024-08-28,CM,INE0PEQ01016,RBZJEWEL,RBZ JEWELLERS LIMITED,157.9,157.9,155.33,155.33,155.33,158.5,20221,3161691.61,184
2024-08-29,CM,INE0PEQ01016,RBZJEWEL,RBZ JEWELLERS LIMITED,152.35,152.35,152.22,152.22,152.22,155.33,78294,11921887.23,189
2024-08-30,CM,INE0PEQ01016,RBZJEWEL,RBZ JEWELLERS LIMITED,150.0,150.0,149.17,149.17,149.17,152.22,16603,2478422.01,209
2024-09-02,CM,INE0PEQ01016,RBZJEWEL,RBZ JEWELLERS LIMITED,149.17,149.17,146.18,146.18,146.18,149.17,49839,7322852.11,264
2024-09-03,CM,INE0PEQ01016,RBZJEWEL,RBZ JEWELLERS LIMITED,143.25,145.0,143.25,143.25,143.25,146.18,107355,15447794.55,360
2024-09-04,CM,INE0PEQ01016,RBZJEWEL,RBZ JEWELLERS LIMITED,141.0,142.0,141.0,142.0,142.0,143.25,48398,6850100.0,297
2024-09-05,CM,INE0PEQ01016,RBZJEWEL,RBZ JEWELLERS LIMITED,142.0,144.84,142.0,144.84,144.84,142.0,27361,3925129.92,216
2024-09-06,CM,INE0PEQ01016,RBZJEWEL,RBZ JEWELLERS LIMITED,147.73,147.73,147.73,147.73,147.73,144.84,23671,3496916.83,129
2024-09-09,CM,INE0PEQ01016,RBZJEWEL,RBZ JEWELLERS LIMITED,150.68,150.68,150.68,150.68,150.68,147.73,16469,2481548.92,157
2024-09-10,CM,INE0PEQ01016,RBZJEWEL,RBZ JEWELLERS LIMITED,153.69,153.69,153.69,153.69,153.69,150.68,28065,4313309.85,170
2024-09-11,CM,INE0PEQ01016,RBZJEWEL,RBZ JEWELLERS LIMITED,156.76,156.76,156.76,156.76,156.76,153.69,47694,7476511.44,206
2024-09-12,CM,INE0PEQ01016,RBZJEWEL,RBZ JEWELLERS LIMITED,159.89,159.89,159.89,159.89,159.89,156.76,32666,5222966.74,248
2024-09-13,CM,INE0PEQ01016,RBZJEWEL,RBZ JEWELLERS LIMITED,163.08,163.08,162.99,163.08,163.08,159.89,233060,37992598.05,707
2024-09-16,CM,INE0PEQ01016,RBZJEWEL,RBZ JEWELLERS LIMITED,166.34,166.34,166.34,166.34,166.34,163.08,46249,7693058.66,324
2024-09-17,CM,INE0PEQ01016,RBZJEWEL,RBZ JEWELLERS LIMITED,169.66,169.66,169.66,169.66,169.66,166.34,42116,7145400.56,318
